0.000000e+00 0.000000e+00 0.000000e+00 0.000000e+00 
8.000000e-04 8.000000e-04 8.000000e-04 0.000000e+00 
1.600000e-03 1.600000e-03 1.600000e-03 0.000000e+00 
3.200000e-03 3.200000e-03 3.200000e-03 0.000000e+00 
6.400000e-03 6.400000e-03 6.400000e-03 0.000000e+00 
1.280000e-02 1.280000e-02 1.280000e-02 0.000000e+00 
2.560000e-02 2.560000e-02 2.560000e-02 0.000000e+00 
5.120000e-02 5.120000e-02 5.120000e-02 0.000000e+00 
1.024000e-01 1.024000e-01 1.024000e-01 0.000000e+00 
2.024000e-01 2.024000e-01 2.024000e-01 0.000000e+00 
3.024000e-01 3.024000e-01 3.024000e-01 0.000000e+00 
4.024000e-01 4.024000e-01 4.024000e-01 0.000000e+00 
4.702276e-01 4.702276e-01 4.702276e-01 0.000000e+00 
5.095297e-01 5.095297e-01 5.095297e-01 0.000000e+00 
5.095297e-01 5.095297e-01 5.095297e-01 0.000000e+00 
5.095297e-01 5.095297e-01 5.095297e-01 0.000000e+00 
5.095297e-01 5.095297e-01 5.095297e-01 0.000000e+00 
5.095297e-01 5.095297e-01 5.095297e-01 0.000000e+00 
5.095298e-01 5.095298e-01 5.095298e-01 0.000000e+00 
5.095298e-01 5.095298e-01 5.095298e-01 0.000000e+00 
5.095298e-01 5.095298e-01 5.095298e-01 1.000000e+00 
5.095298e-01 5.095298e-01 5.095298e-01 1.000000e+00 
5.095298e-01 5.095298e-01 5.095298e-01 1.000000e+00 
5.095298e-01 5.095298e-01 5.095298e-01 1.000000e+00 
5.095298e-01 5.095298e-01 5.095298e-01 1.000000e+00 
5.095299e-01 5.095299e-01 5.095299e-01 1.000000e+00 
5.095300e-01 5.095300e-01 5.095300e-01 1.000000e+00 
5.095303e-01 5.095303e-01 5.095303e-01 1.000000e+00 
5.095308e-01 5.095308e-01 5.095308e-01 1.000000e+00 
5.095319e-01 5.095319e-01 5.095319e-01 1.000000e+00 
5.095340e-01 5.095340e-01 5.095340e-01 1.000000e+00 
5.095383e-01 5.095383e-01 5.095383e-01 1.000000e+00 
5.095468e-01 5.095468e-01 5.095468e-01 1.000000e+00 
5.095638e-01 5.095638e-01 5.095638e-01 1.000000e+00 
5.095979e-01 5.095979e-01 5.095979e-01 1.000000e+00 
5.096661e-01 5.096661e-01 5.096661e-01 1.000000e+00 
5.098024e-01 5.098024e-01 5.098024e-01 1.000000e+00 
5.100750e-01 5.100750e-01 5.100750e-01 1.000000e+00 
5.106203e-01 5.106203e-01 5.106203e-01 1.000000e+00 
5.117108e-01 5.117108e-01 5.117108e-01 1.000000e+00 
5.138918e-01 5.138918e-01 5.138918e-01 1.000000e+00 
5.182539e-01 5.182539e-01 5.182539e-01 1.000000e+00 
5.269781e-01 5.269781e-01 5.269781e-01 1.000000e+00 
5.394206e-01 5.394206e-01 5.394206e-01 1.000000e+00 
5.643058e-01 5.643058e-01 5.643058e-01 1.000000e+00 
5.850705e-01 5.850705e-01 5.850705e-01 1.000000e+00 
6.096822e-01 6.096822e-01 6.096822e-01 1.000000e+00 
6.356703e-01 6.356703e-01 6.356703e-01 1.000000e+00 
6.745250e-01 6.745250e-01 6.745250e-01 1.000000e+00 
7.147987e-01 7.147987e-01 7.147987e-01 1.000000e+00 
7.953461e-01 7.953461e-01 7.953461e-01 1.000000e+00 
8.953461e-01 8.953461e-01 8.953461e-01 1.000000e+00 
9.953461e-01 9.953461e-01 9.953461e-01 1.000000e+00 
1.095346e+00 1.095346e+00 1.095346e+00 1.000000e+00 
1.195346e+00 1.195346e+00 1.195346e+00 1.000000e+00 
1.295346e+00 1.295346e+00 1.295346e+00 1.000000e+00 
1.395346e+00 1.395346e+00 1.395346e+00 1.000000e+00 
1.464682e+00 1.464682e+00 1.464682e+00 1.000000e+00 
1.506322e+00 1.506322e+00 1.506322e+00 1.000000e+00 
1.506322e+00 1.506322e+00 1.506322e+00 1.000000e+00 
1.506322e+00 1.506322e+00 1.506322e+00 1.000000e+00 
1.506322e+00 1.506322e+00 1.506322e+00 1.000000e+00 
1.506322e+00 1.506322e+00 1.506322e+00 1.000000e+00 
1.506322e+00 1.506322e+00 1.506322e+00 1.000000e+00 
1.506322e+00 1.506322e+00 1.506322e+00 3.999992e-02 
1.506322e+00 1.506322e+00 1.506322e+00 0.000000e+00 
1.506322e+00 1.506322e+00 1.506322e+00 0.000000e+00 
1.506322e+00 1.506322e+00 1.506322e+00 0.000000e+00 
1.506322e+00 1.506322e+00 1.506322e+00 1.536000e+00 
1.506322e+00 1.506322e+00 1.506322e+00 2.000000e+00 
1.506322e+00 1.506322e+00 1.506322e+00 2.000000e+00 
1.506322e+00 1.506322e+00 1.506322e+00 2.000000e+00 
1.506322e+00 1.506322e+00 1.506322e+00 2.000000e+00 
1.506323e+00 1.506323e+00 1.506323e+00 2.000000e+00 
1.506323e+00 1.506323e+00 1.506323e+00 2.000000e+00 
1.506323e+00 1.506323e+00 1.506323e+00 2.000000e+00 
1.506323e+00 1.506323e+00 1.506323e+00 2.000000e+00 
1.506323e+00 1.506323e+00 1.506323e+00 2.000000e+00 
1.506324e+00 1.506324e+00 1.506324e+00 2.000000e+00 
1.506326e+00 1.506326e+00 1.506326e+00 2.000000e+00 
1.506329e+00 1.506329e+00 1.506329e+00 2.000000e+00 
1.506335e+00 1.506335e+00 1.506335e+00 2.000000e+00 
1.506348e+00 1.506348e+00 1.506348e+00 2.000000e+00 
1.506373e+00 1.506373e+00 1.506373e+00 2.000000e+00 
1.506423e+00 1.506423e+00 1.506423e+00 2.000000e+00 
1.506524e+00 1.506524e+00 1.506524e+00 2.000000e+00 
1.506725e+00 1.506725e+00 1.506725e+00 2.000000e+00 
1.507128e+00 1.507128e+00 1.507128e+00 2.000000e+00 
1.507933e+00 1.507933e+00 1.507933e+00 2.000000e+00 
1.509544e+00 1.509544e+00 1.509544e+00 2.000000e+00 
1.512765e+00 1.512765e+00 1.512765e+00 2.000000e+00 
1.519207e+00 1.519207e+00 1.519207e+00 2.000000e+00 
1.532092e+00 1.532092e+00 1.532092e+00 2.000000e+00 
1.551032e+00 1.551032e+00 1.551032e+00 2.000000e+00 
1.580260e+00 1.580260e+00 1.580260e+00 2.000000e+00 
1.604589e+00 1.604589e+00 1.604589e+00 2.000000e+00 
1.630820e+00 1.630820e+00 1.630820e+00 2.000000e+00 
1.661758e+00 1.661758e+00 1.661758e+00 2.000000e+00 
1.708909e+00 1.708909e+00 1.708909e+00 2.000000e+00 
1.767722e+00 1.767722e+00 1.767722e+00 2.000000e+00 
1.867722e+00 1.867722e+00 1.867722e+00 2.000000e+00 
1.967722e+00 1.967722e+00 1.967722e+00 2.000000e+00 
2.067722e+00 2.067722e+00 2.067722e+00 2.000000e+00 
2.167722e+00 2.167722e+00 2.167722e+00 2.000000e+00 
2.267722e+00 2.267722e+00 2.267722e+00 2.000000e+00 
2.367722e+00 2.367722e+00 2.367722e+00 2.000000e+00 
2.457314e+00 2.457314e+00 2.457314e+00 2.000000e+00 
2.509237e+00 2.509237e+00 2.509237e+00 2.000000e+00 
2.509237e+00 2.509237e+00 2.509237e+00 2.000000e+00 
2.509237e+00 2.509237e+00 2.509237e+00 2.000000e+00 
2.509237e+00 2.509237e+00 2.509237e+00 2.000000e+00 
2.509237e+00 2.509237e+00 2.509237e+00 2.000000e+00 
2.509237e+00 2.509237e+00 2.509237e+00 2.000000e+00 
2.509237e+00 2.509237e+00 2.509237e+00 7.999984e-02 
2.509237e+00 2.509237e+00 2.509237e+00 0.000000e+00 
2.509237e+00 2.509237e+00 2.509237e+00 0.000000e+00 
2.509237e+00 2.509237e+00 2.509237e+00 0.000000e+00 
2.509237e+00 2.509237e+00 2.509237e+00 2.304000e+00 
2.509237e+00 2.509237e+00 2.509237e+00 3.000000e+00 
2.509237e+00 2.509237e+00 2.509237e+00 3.000000e+00 
2.509237e+00 2.509237e+00 2.509237e+00 3.000000e+00 
2.509237e+00 2.509237e+00 2.509237e+00 3.000000e+00 
2.509237e+00 2.509237e+00 2.509237e+00 3.000000e+00 
2.509237e+00 2.509237e+00 2.509237e+00 3.000000e+00 
2.509237e+00 2.509237e+00 2.509237e+00 3.000000e+00 
2.509237e+00 2.509237e+00 2.509237e+00 3.000000e+00 
2.509238e+00 2.509238e+00 2.509238e+00 3.000000e+00 
2.509238e+00 2.509238e+00 2.509238e+00 3.000000e+00 
2.509240e+00 2.509240e+00 2.509240e+00 3.000000e+00 
2.509243e+00 2.509243e+00 2.509243e+00 3.000000e+00 
2.509249e+00 2.509249e+00 2.509249e+00 3.000000e+00 
2.509262e+00 2.509262e+00 2.509262e+00 3.000000e+00 
2.509287e+00 2.509287e+00 2.509287e+00 3.000000e+00 
2.509337e+00 2.509337e+00 2.509337e+00 3.000000e+00 
2.509438e+00 2.509438e+00 2.509438e+00 3.000000e+00 
2.509639e+00 2.509639e+00 2.509639e+00 3.000000e+00 
2.510042e+00 2.510042e+00 2.510042e+00 3.000000e+00 
2.510847e+00 2.510847e+00 2.510847e+00 3.000000e+00 
2.512458e+00 2.512458e+00 2.512458e+00 3.000000e+00 
2.515679e+00 2.515679e+00 2.515679e+00 3.000000e+00 
2.522122e+00 2.522122e+00 2.522122e+00 3.000000e+00 
2.534773e+00 2.534773e+00 2.534773e+00 3.000000e+00 
2.560075e+00 2.560075e+00 2.560075e+00 3.000000e+00 
2.582380e+00 2.582380e+00 2.582380e+00 3.000000e+00 
2.607073e+00 2.607073e+00 2.607073e+00 3.000000e+00 
2.633629e+00 2.633629e+00 2.633629e+00 3.000000e+00 
2.666386e+00 2.666386e+00 2.666386e+00 3.000000e+00 
2.713470e+00 2.713470e+00 2.713470e+00 3.000000e+00 
2.776184e+00 2.776184e+00 2.776184e+00 3.000000e+00 
2.876184e+00 2.876184e+00 2.876184e+00 3.000000e+00 
2.976184e+00 2.976184e+00 2.976184e+00 3.000000e+00 
3.076184e+00 3.076184e+00 3.076184e+00 3.000000e+00 
3.176184e+00 3.176184e+00 3.176184e+00 3.000000e+00 
3.276184e+00 3.276184e+00 3.276184e+00 3.000000e+00 
3.376184e+00 3.376184e+00 3.376184e+00 3.000000e+00 
3.457822e+00 3.457822e+00 3.457822e+00 3.000000e+00 
3.506500e+00 3.506500e+00 3.506500e+00 3.000000e+00 
3.506500e+00 3.506500e+00 3.506500e+00 3.000000e+00 
3.506500e+00 3.506500e+00 3.506500e+00 3.000000e+00 
3.506500e+00 3.506500e+00 3.506500e+00 3.000000e+00 
3.506500e+00 3.506500e+00 3.506500e+00 3.000000e+00 
3.506500e+00 3.506500e+00 3.506500e+00 3.000000e+00 
3.506500e+00 3.506500e+00 3.506500e+00 1.199998e-01 
3.506500e+00 3.506500e+00 3.506500e+00 0.000000e+00 
3.506500e+00 3.506500e+00 3.506500e+00 0.000000e+00 
3.506500e+00 3.506500e+00 3.506500e+00 0.000000e+00 
3.506500e+00 3.506500e+00 3.506500e+00 3.072000e+00 
3.506500e+00 3.506500e+00 3.506500e+00 4.000000e+00 
3.506500e+00 3.506500e+00 3.506500e+00 4.000000e+00 
3.506500e+00 3.506500e+00 3.506500e+00 4.000000e+00 
3.506500e+00 3.506500e+00 3.506500e+00 4.000000e+00 
3.506500e+00 3.506500e+00 3.506500e+00 4.000000e+00 
3.506500e+00 3.506500e+00 3.506500e+00 4.000000e+00 
3.506500e+00 3.506500e+00 3.506500e+00 4.000000e+00 
3.506501e+00 3.506501e+00 3.506501e+00 4.000000e+00 
3.506501e+00 3.506501e+00 3.506501e+00 4.000000e+00 
3.506502e+00 3.506502e+00 3.506502e+00 4.000000e+00 
3.506503e+00 3.506503e+00 3.506503e+00 4.000000e+00 
3.506507e+00 3.506507e+00 3.506507e+00 4.000000e+00 
3.506513e+00 3.506513e+00 3.506513e+00 4.000000e+00 
3.506525e+00 3.506525e+00 3.506525e+00 4.000000e+00 
3.506551e+00 3.506551e+00 3.506551e+00 4.000000e+00 
3.506601e+00 3.506601e+00 3.506601e+00 4.000000e+00 
3.506702e+00 3.506702e+00 3.506702e+00 4.000000e+00 
3.506903e+00 3.506903e+00 3.506903e+00 4.000000e+00 
3.507306e+00 3.507306e+00 3.507306e+00 4.000000e+00 
3.508111e+00 3.508111e+00 3.508111e+00 4.000000e+00 
3.509721e+00 3.509721e+00 3.509721e+00 4.000000e+00 
3.512943e+00 3.512943e+00 3.512943e+00 4.000000e+00 
3.519385e+00 3.519385e+00 3.519385e+00 4.000000e+00 
3.532270e+00 3.532270e+00 3.532270e+00 4.000000e+00 
3.551143e+00 3.551143e+00 3.551143e+00 4.000000e+00 
3.580093e+00 3.580093e+00 3.580093e+00 4.000000e+00 
3.604277e+00 3.604277e+00 3.604277e+00 4.000000e+00 
3.630552e+00 3.630552e+00 3.630552e+00 4.000000e+00 
3.661313e+00 3.661313e+00 3.661313e+00 4.000000e+00 
3.708162e+00 3.708162e+00 3.708162e+00 4.000000e+00 
3.766332e+00 3.766332e+00 3.766332e+00 4.000000e+00 
3.866332e+00 3.866332e+00 3.866332e+00 4.000000e+00 
3.966332e+00 3.966332e+00 3.966332e+00 4.000000e+00 
4.066332e+00 4.066332e+00 4.066332e+00 4.000000e+00 
4.166332e+00 4.166332e+00 4.166332e+00 4.000000e+00 
4.266332e+00 4.266332e+00 4.266332e+00 4.000000e+00 
4.366332e+00 4.366332e+00 4.366332e+00 4.000000e+00 
4.466332e+00 4.466332e+00 4.466332e+00 4.000000e+00 
4.518674e+00 4.518674e+00 4.518674e+00 4.000000e+00 
4.518674e+00 4.518674e+00 4.518674e+00 4.000000e+00 
4.518674e+00 4.518674e+00 4.518674e+00 4.000000e+00 
4.518674e+00 4.518674e+00 4.518674e+00 4.000000e+00 
4.518674e+00 4.518674e+00 4.518674e+00 4.000000e+00 
4.518674e+00 4.518674e+00 4.518674e+00 4.000000e+00 
4.518674e+00 4.518674e+00 4.518674e+00 1.599997e-01 
4.518674e+00 4.518674e+00 4.518674e+00 0.000000e+00 
4.518674e+00 4.518674e+00 4.518674e+00 0.000000e+00 
4.518674e+00 4.518674e+00 4.518674e+00 0.000000e+00 
4.518674e+00 4.518674e+00 4.518674e+00 3.839999e+00 
4.518674e+00 4.518674e+00 4.518674e+00 5.000000e+00 
4.518674e+00 4.518674e+00 4.518674e+00 5.000000e+00 
4.518674e+00 4.518674e+00 4.518674e+00 5.000000e+00 
4.518674e+00 4.518674e+00 4.518674e+00 5.000000e+00 
4.518674e+00 4.518674e+00 4.518674e+00 5.000000e+00 
4.518674e+00 4.518674e+00 4.518674e+00 5.000000e+00 
4.518674e+00 4.518674e+00 4.518674e+00 5.000000e+00 
4.518674e+00 4.518674e+00 4.518674e+00 5.000000e+00 
4.518675e+00 4.518675e+00 4.518675e+00 5.000000e+00 
4.518675e+00 4.518675e+00 4.518675e+00 5.000000e+00 
4.518677e+00 4.518677e+00 4.518677e+00 5.000000e+00 
4.518680e+00 4.518680e+00 4.518680e+00 5.000000e+00 
4.518686e+00 4.518686e+00 4.518686e+00 5.000000e+00 
4.518699e+00 4.518699e+00 4.518699e+00 5.000000e+00 
4.518724e+00 4.518724e+00 4.518724e+00 5.000000e+00 
4.518774e+00 4.518774e+00 4.518774e+00 5.000000e+00 
4.518875e+00 4.518875e+00 4.518875e+00 5.000000e+00 
4.519076e+00 4.519076e+00 4.519076e+00 5.000000e+00 
4.519479e+00 4.519479e+00 4.519479e+00 5.000000e+00 
4.520284e+00 4.520284e+00 4.520284e+00 5.000000e+00 
4.521895e+00 4.521895e+00 4.521895e+00 5.000000e+00 
4.525116e+00 4.525116e+00 4.525116e+00 5.000000e+00 
4.531559e+00 4.531559e+00 4.531559e+00 5.000000e+00 
4.544444e+00 4.544444e+00 4.544444e+00 5.000000e+00 
4.568707e+00 4.568707e+00 4.568707e+00 5.000000e+00 
4.595365e+00 4.595365e+00 4.595365e+00 5.000000e+00 
4.620618e+00 4.620618e+00 4.620618e+00 5.000000e+00 
4.648762e+00 4.648762e+00 4.648762e+00 5.000000e+00 
4.690379e+00 4.690379e+00 4.690379e+00 5.000000e+00 
4.737940e+00 4.737940e+00 4.737940e+00 5.000000e+00 
4.833062e+00 4.833062e+00 4.833062e+00 5.000000e+00 
4.933062e+00 4.933062e+00 4.933062e+00 5.000000e+00 
5.033062e+00 5.033062e+00 5.033062e+00 5.000000e+00 
5.133062e+00 5.133062e+00 5.133062e+00 5.000000e+00 
5.233062e+00 5.233062e+00 5.233062e+00 5.000000e+00 
5.333062e+00 5.333062e+00 5.333062e+00 5.000000e+00 
5.433062e+00 5.433062e+00 5.433062e+00 5.000000e+00 
5.488381e+00 5.488381e+00 5.488381e+00 5.000000e+00 
5.514867e+00 5.514867e+00 5.514867e+00 5.000000e+00 
5.514867e+00 5.514867e+00 5.514867e+00 5.000000e+00 
5.514867e+00 5.514867e+00 5.514867e+00 5.000000e+00 
5.514867e+00 5.514867e+00 5.514867e+00 5.000000e+00 
5.514867e+00 5.514867e+00 5.514867e+00 5.000000e+00 
5.514867e+00 5.514867e+00 5.514867e+00 5.000000e+00 
5.514867e+00 5.514867e+00 5.514867e+00 1.999996e-01 
5.514867e+00 5.514867e+00 5.514867e+00 0.000000e+00 
5.514867e+00 5.514867e+00 5.514867e+00 0.000000e+00 
5.514867e+00 5.514867e+00 5.514867e+00 0.000000e+00 
5.514867e+00 5.514867e+00 5.514867e+00 4.607999e+00 
5.514867e+00 5.514867e+00 5.514867e+00 6.000000e+00 
5.514867e+00 5.514867e+00 5.514867e+00 6.000000e+00 
5.514867e+00 5.514867e+00 5.514867e+00 6.000000e+00 
5.514867e+00 5.514867e+00 5.514867e+00 6.000000e+00 
5.514867e+00 5.514867e+00 5.514867e+00 6.000000e+00 
5.514867e+00 5.514867e+00 5.514867e+00 6.000000e+00 
5.514868e+00 5.514868e+00 5.514868e+00 6.000000e+00 
5.514868e+00 5.514868e+00 5.514868e+00 6.000000e+00 
5.514868e+00 5.514868e+00 5.514868e+00 6.000000e+00 
5.514869e+00 5.514869e+00 5.514869e+00 6.000000e+00 
5.514871e+00 5.514871e+00 5.514871e+00 6.000000e+00 
5.514874e+00 5.514874e+00 5.514874e+00 6.000000e+00 
5.514880e+00 5.514880e+00 5.514880e+00 6.000000e+00 
5.514893e+00 5.514893e+00 5.514893e+00 6.000000e+00 
5.514918e+00 5.514918e+00 5.514918e+00 6.000000e+00 
5.514968e+00 5.514968e+00 5.514968e+00 6.000000e+00 
5.515069e+00 5.515069e+00 5.515069e+00 6.000000e+00 
5.515270e+00 5.515270e+00 5.515270e+00 6.000000e+00 
5.515673e+00 5.515673e+00 5.515673e+00 6.000000e+00 
5.516478e+00 5.516478e+00 5.516478e+00 6.000000e+00 
5.518089e+00 5.518089e+00 5.518089e+00 6.000000e+00 
5.521310e+00 5.521310e+00 5.521310e+00 6.000000e+00 
5.527752e+00 5.527752e+00 5.527752e+00 6.000000e+00 
5.540637e+00 5.540637e+00 5.540637e+00 6.000000e+00 
5.566407e+00 5.566407e+00 5.566407e+00 6.000000e+00 
5.587101e+00 5.587101e+00 5.587101e+00 6.000000e+00 
5.611929e+00 5.611929e+00 5.611929e+00 6.000000e+00 
5.638099e+00 5.638099e+00 5.638099e+00 6.000000e+00 
5.677705e+00 5.677705e+00 5.677705e+00 6.000000e+00 
5.719186e+00 5.719186e+00 5.719186e+00 6.000000e+00 
5.802037e+00 5.802037e+00 5.802037e+00 6.000000e+00 
5.902037e+00 5.902037e+00 5.902037e+00 6.000000e+00 
6.002037e+00 6.002037e+00 6.002037e+00 6.000000e+00 
6.102037e+00 6.102037e+00 6.102037e+00 6.000000e+00 
6.202037e+00 6.202037e+00 6.202037e+00 6.000000e+00 
6.302037e+00 6.302037e+00 6.302037e+00 6.000000e+00 
6.402037e+00 6.402037e+00 6.402037e+00 6.000000e+00 
6.469758e+00 6.469758e+00 6.469758e+00 6.000000e+00 
6.509293e+00 6.509293e+00 6.509293e+00 6.000000e+00 
6.509293e+00 6.509293e+00 6.509293e+00 6.000000e+00 
6.509293e+00 6.509293e+00 6.509293e+00 6.000000e+00 
6.509293e+00 6.509293e+00 6.509293e+00 6.000000e+00 
6.509293e+00 6.509293e+00 6.509293e+00 6.000000e+00 
6.509293e+00 6.509293e+00 6.509293e+00 6.000000e+00 
6.509293e+00 6.509293e+00 6.509293e+00 2.399995e-01 
6.509293e+00 6.509293e+00 6.509293e+00 0.000000e+00 
6.509293e+00 6.509293e+00 6.509293e+00 0.000000e+00 
6.509293e+00 6.509293e+00 6.509293e+00 0.000000e+00 
6.509293e+00 6.509293e+00 6.509293e+00 5.375999e+00 
6.509293e+00 6.509293e+00 6.509293e+00 7.000000e+00 
6.509293e+00 6.509293e+00 6.509293e+00 7.000000e+00 
6.509293e+00 6.509293e+00 6.509293e+00 7.000000e+00 
6.509293e+00 6.509293e+00 6.509293e+00 7.000000e+00 
6.509293e+00 6.509293e+00 6.509293e+00 7.000000e+00 
6.509293e+00 6.509293e+00 6.509293e+00 7.000000e+00 
6.509294e+00 6.509294e+00 6.509294e+00 7.000000e+00 
6.509294e+00 6.509294e+00 6.509294e+00 7.000000e+00 
6.509294e+00 6.509294e+00 6.509294e+00 7.000000e+00 
6.509295e+00 6.509295e+00 6.509295e+00 7.000000e+00 
6.509296e+00 6.509296e+00 6.509296e+00 7.000000e+00 
6.509300e+00 6.509300e+00 6.509300e+00 7.000000e+00 
6.509306e+00 6.509306e+00 6.509306e+00 7.000000e+00 
6.509319e+00 6.509319e+00 6.509319e+00 7.000000e+00 
6.509344e+00 6.509344e+00 6.509344e+00 7.000000e+00 
6.509394e+00 6.509394e+00 6.509394e+00 7.000000e+00 
6.509495e+00 6.509495e+00 6.509495e+00 7.000000e+00 
6.509696e+00 6.509696e+00 6.509696e+00 7.000000e+00 
6.510099e+00 6.510099e+00 6.510099e+00 7.000000e+00 
6.510904e+00 6.510904e+00 6.510904e+00 7.000000e+00 
6.512515e+00 6.512515e+00 6.512515e+00 7.000000e+00 
6.515736e+00 6.515736e+00 6.515736e+00 7.000000e+00 
6.522178e+00 6.522178e+00 6.522178e+00 7.000000e+00 
6.534668e+00 6.534668e+00 6.534668e+00 7.000000e+00 
6.559648e+00 6.559648e+00 6.559648e+00 7.000000e+00 
6.582367e+00 6.582367e+00 6.582367e+00 7.000000e+00 
6.607068e+00 6.607068e+00 6.607068e+00 7.000000e+00 
6.633579e+00 6.633579e+00 6.633579e+00 7.000000e+00 
6.666209e+00 6.666209e+00 6.666209e+00 7.000000e+00 
6.713250e+00 6.713250e+00 6.713250e+00 7.000000e+00 
6.775686e+00 6.775686e+00 6.775686e+00 7.000000e+00 
6.875686e+00 6.875686e+00 6.875686e+00 7.000000e+00 
6.975686e+00 6.975686e+00 6.975686e+00 7.000000e+00 
7.075686e+00 7.075686e+00 7.075686e+00 7.000000e+00 
7.175686e+00 7.175686e+00 7.175686e+00 7.000000e+00 
7.275686e+00 7.275686e+00 7.275686e+00 7.000000e+00 
7.375686e+00 7.375686e+00 7.375686e+00 7.000000e+00 
7.457621e+00 7.457621e+00 7.457621e+00 7.000000e+00 
7.506423e+00 7.506423e+00 7.506423e+00 7.000000e+00 
7.506423e+00 7.506423e+00 7.506423e+00 7.000000e+00 
7.506423e+00 7.506423e+00 7.506423e+00 7.000000e+00 
7.506423e+00 7.506423e+00 7.506423e+00 0.000000e+00 
7.506423e+00 7.506423e+00 7.506423e+00 0.000000e+00 
7.506423e+00 7.506423e+00 7.506423e+00 0.000000e+00 
7.506424e+00 7.506424e+00 7.506424e+00 0.000000e+00 
7.506424e+00 7.506424e+00 7.506424e+00 0.000000e+00 
7.506424e+00 7.506424e+00 7.506424e+00 0.000000e+00 
7.506424e+00 7.506424e+00 7.506424e+00 0.000000e+00 
7.506424e+00 7.506424e+00 7.506424e+00 0.000000e+00 
7.506425e+00 7.506425e+00 7.506425e+00 0.000000e+00 
7.506426e+00 7.506426e+00 7.506426e+00 0.000000e+00 
7.506428e+00 7.506428e+00 7.506428e+00 0.000000e+00 
7.506433e+00 7.506433e+00 7.506433e+00 0.000000e+00 
7.506443e+00 7.506443e+00 7.506443e+00 0.000000e+00 
7.506463e+00 7.506463e+00 7.506463e+00 0.000000e+00 
7.506502e+00 7.506502e+00 7.506502e+00 0.000000e+00 
7.506581e+00 7.506581e+00 7.506581e+00 0.000000e+00 
7.506738e+00 7.506738e+00 7.506738e+00 0.000000e+00 
7.507053e+00 7.507053e+00 7.507053e+00 0.000000e+00 
7.507682e+00 7.507682e+00 7.507682e+00 0.000000e+00 
7.508940e+00 7.508940e+00 7.508940e+00 0.000000e+00 
7.511457e+00 7.511457e+00 7.511457e+00 0.000000e+00 
7.516490e+00 7.516490e+00 7.516490e+00 0.000000e+00 
7.525915e+00 7.525915e+00 7.525915e+00 0.000000e+00 
7.544766e+00 7.544766e+00 7.544766e+00 0.000000e+00 
7.565478e+00 7.565478e+00 7.565478e+00 0.000000e+00 
7.586313e+00 7.586313e+00 7.586313e+00 0.000000e+00 
7.611729e+00 7.611729e+00 7.611729e+00 0.000000e+00 
7.637939e+00 7.637939e+00 7.637939e+00 0.000000e+00 
7.677200e+00 7.677200e+00 7.677200e+00 0.000000e+00 
7.718340e+00 7.718340e+00 7.718340e+00 0.000000e+00 
7.800619e+00 7.800619e+00 7.800619e+00 0.000000e+00 
7.900619e+00 7.900619e+00 7.900619e+00 0.000000e+00 
8.000000e+00 8.000000e+00 8.000000e+00 0.000000e+00 
