 0.00000000e+00  0.00000000e+00  0.00000000e+00  0.00000000e+00 
 1.00000000e-07  0.00000000e+00  1.00000000e-07  0.00000000e+00 
 2.00000000e-07  0.00000000e+00  2.00000000e-07  0.00000000e+00 
 4.00000000e-07  0.00000000e+00  4.00000000e-07  0.00000000e+00 
 8.00000000e-07  0.00000000e+00  8.00000000e-07  0.00000000e+00 
 1.60000000e-06  0.00000000e+00  1.60000000e-06  0.00000000e+00 
 3.20000000e-06  0.00000000e+00  3.20000000e-06  0.00000000e+00 
 6.40000000e-06  0.00000000e+00  6.40000000e-06  0.00000000e+00 
 1.28000000e-05  0.00000000e+00  1.28000000e-05  0.00000000e+00 
 2.28000000e-05  0.00000000e+00  2.28000000e-05  0.00000000e+00 
 3.28000000e-05  0.00000000e+00  3.28000000e-05  0.00000000e+00 
 4.28000000e-05  0.00000000e+00  4.28000000e-05  0.00000000e+00 
 5.28000000e-05  0.00000000e+00  5.28000000e-05  0.00000000e+00 
 6.28000000e-05  0.00000000e+00  6.28000000e-05  0.00000000e+00 
 7.28000000e-05  0.00000000e+00  7.28000000e-05  0.00000000e+00 
 8.28000000e-05  0.00000000e+00  8.28000000e-05  0.00000000e+00 
 9.28000000e-05  0.00000000e+00  9.28000000e-05  0.00000000e+00 
 1.00000000e-04  0.00000000e+00  1.00000000e-04  0.00000000e+00 
 1.00000100e-04  4.99999939e-01  1.00000100e-04  5.00000000e-01 
 1.00000300e-04  1.49999970e+00  1.00000300e-04  1.50000000e+00 
 1.00000700e-04  3.49999848e+00  1.00000700e-04  3.50000000e+00 
 1.00001000e-04  4.99999692e+00  1.00001000e-04  5.00000000e+00 
 1.00001050e-04  4.99999662e+00  1.00001050e-04  5.00000000e+00 
 1.00001149e-04  4.99999601e+00  1.00001149e-04  5.00000000e+00 
 1.00001348e-04  4.99999480e+00  1.00001348e-04  5.00000000e+00 
 1.00001745e-04  4.99999238e+00  1.00001745e-04  5.00000000e+00 
 1.00002541e-04  4.99998753e+00  1.00002541e-04  5.00000000e+00 
 1.00004131e-04  4.99997783e+00  1.00004131e-04  5.00000000e+00 
 1.00007311e-04  4.99995844e+00  1.00007311e-04  5.00000000e+00 
 1.00013672e-04  4.99991965e+00  1.00013672e-04  5.00000000e+00 
 1.00026394e-04  4.99984208e+00  1.00026394e-04  5.00000000e+00 
 1.00051838e-04  4.99968694e+00  1.00051838e-04  5.00000000e+00 
 1.00102726e-04  4.99937668e+00  1.00102726e-04  5.00000000e+00 
 1.00204501e-04  4.99875621e+00  1.00204501e-04  5.00000000e+00 
 1.00408052e-04  4.99751551e+00  1.00408052e-04  5.00000000e+00 
 1.00815155e-04  4.99503503e+00  1.00815155e-04  5.00000000e+00 
 1.01629359e-04  4.99007776e+00  1.01629359e-04  5.00000000e+00 
 1.03257768e-04  4.98017797e+00  1.03257768e-04  5.00000000e+00 
 1.06514585e-04  4.96043726e+00  1.06514585e-04  5.00000000e+00 
 1.13028220e-04  4.92119012e+00  1.13028220e-04  5.00000000e+00 
 1.23028220e-04  4.86153933e+00  1.23028220e-04  5.00000000e+00 
 1.33028220e-04  4.80261158e+00  1.33028220e-04  5.00000000e+00 
 1.43028220e-04  4.74439811e+00  1.43028220e-04  5.00000000e+00 
 1.53028220e-04  4.68689025e+00  1.53028220e-04  5.00000000e+00 
 1.63028220e-04  4.63007946e+00  1.63028220e-04  5.00000000e+00 
 1.73028220e-04  4.57395728e+00  1.73028220e-04  5.00000000e+00 
 1.83028220e-04  4.51851538e+00  1.83028220e-04  5.00000000e+00 
 1.93028220e-04  4.46374550e+00  1.93028220e-04  5.00000000e+00 
 2.03028220e-04  4.40963949e+00  2.03028220e-04  5.00000000e+00 
 2.13028220e-04  4.35618931e+00  2.13028220e-04  5.00000000e+00 
 2.23028220e-04  4.30338702e+00  2.23028220e-04  5.00000000e+00 
 2.33028220e-04  4.25122475e+00  2.33028220e-04  5.00000000e+00 
 2.43028220e-04  4.19969475e+00  2.43028220e-04  5.00000000e+00 
 2.53028220e-04  4.14878936e+00  2.53028220e-04  5.00000000e+00 
 2.63028220e-04  4.09850101e+00  2.63028220e-04  5.00000000e+00 
 2.73028220e-04  4.04882221e+00  2.73028220e-04  5.00000000e+00 
 2.83028220e-04  3.99974558e+00  2.83028220e-04  5.00000000e+00 
 2.93028220e-04  3.95126381e+00  2.93028220e-04  5.00000000e+00 
 3.03028220e-04  3.90336970e+00  3.03028220e-04  5.00000000e+00 
 3.13028220e-04  3.85605613e+00  3.13028220e-04  5.00000000e+00 
 3.23028220e-04  3.80931606e+00  3.23028220e-04  5.00000000e+00 
 3.33028220e-04  3.76314253e+00  3.33028220e-04  5.00000000e+00 
 3.43028220e-04  3.71752868e+00  3.43028220e-04  5.00000000e+00 
 3.53028220e-04  3.67246773e+00  3.53028220e-04  5.00000000e+00 
 3.63028220e-04  3.62795297e+00  3.63028220e-04  5.00000000e+00 
 3.73028220e-04  3.58397778e+00  3.73028220e-04  5.00000000e+00 
 3.83028220e-04  3.54053562e+00  3.83028220e-04  5.00000000e+00 
 3.93028220e-04  3.49762004e+00  3.93028220e-04  5.00000000e+00 
 4.03028220e-04  3.45522465e+00  4.03028220e-04  5.00000000e+00 
 4.13028220e-04  3.41334314e+00  4.13028220e-04  5.00000000e+00 
 4.23028220e-04  3.37196928e+00  4.23028220e-04  5.00000000e+00 
 4.33028220e-04  3.33109692e+00  4.33028220e-04  5.00000000e+00 
 4.43028220e-04  3.29071999e+00  4.43028220e-04  5.00000000e+00 
 4.53028220e-04  3.25083248e+00  4.53028220e-04  5.00000000e+00 
 4.63028220e-04  3.21142845e+00  4.63028220e-04  5.00000000e+00 
 4.73028220e-04  3.17250204e+00  4.73028220e-04  5.00000000e+00 
 4.83028220e-04  3.13404747e+00  4.83028220e-04  5.00000000e+00 
 4.93028220e-04  3.09605902e+00  4.93028220e-04  5.00000000e+00 
 5.03028220e-04  3.05853103e+00  5.03028220e-04  5.00000000e+00 
 5.13028220e-04  3.02145793e+00  5.13028220e-04  5.00000000e+00 
 5.23028220e-04  2.98483419e+00  5.23028220e-04  5.00000000e+00 
 5.33028220e-04  2.94865438e+00  5.33028220e-04  5.00000000e+00 
 5.43028220e-04  2.91291312e+00  5.43028220e-04  5.00000000e+00 
 5.53028220e-04  2.87760508e+00  5.53028220e-04  5.00000000e+00 
 5.63028220e-04  2.84272502e+00  5.63028220e-04  5.00000000e+00 
 5.73028220e-04  2.80826775e+00  5.73028220e-04  5.00000000e+00 
 5.83028220e-04  2.77422814e+00  5.83028220e-04  5.00000000e+00 
 5.93028220e-04  2.74060113e+00  5.93028220e-04  5.00000000e+00 
 6.03028220e-04  2.70738172e+00  6.03028220e-04  5.00000000e+00 
 6.13028220e-04  2.67456497e+00  6.13028220e-04  5.00000000e+00 
 6.23028220e-04  2.64214601e+00  6.23028220e-04  5.00000000e+00 
 6.33028220e-04  2.61011999e+00  6.33028220e-04  5.00000000e+00 
 6.43028220e-04  2.57848217e+00  6.43028220e-04  5.00000000e+00 
 6.53028220e-04  2.54722785e+00  6.53028220e-04  5.00000000e+00 
 6.63028220e-04  2.51635236e+00  6.63028220e-04  5.00000000e+00 
 6.73028220e-04  2.48585112e+00  6.73028220e-04  5.00000000e+00 
 6.83028220e-04  2.45571959e+00  6.83028220e-04  5.00000000e+00 
 6.93028220e-04  2.42595329e+00  6.93028220e-04  5.00000000e+00 
 7.03028220e-04  2.39654779e+00  7.03028220e-04  5.00000000e+00 
 7.13028220e-04  2.36749873e+00  7.13028220e-04  5.00000000e+00 
 7.23028220e-04  2.33880178e+00  7.23028220e-04  5.00000000e+00 
 7.33028220e-04  2.31045266e+00  7.33028220e-04  5.00000000e+00 
 7.43028220e-04  2.28244718e+00  7.43028220e-04  5.00000000e+00 
 7.53028220e-04  2.25478115e+00  7.53028220e-04  5.00000000e+00 
 7.63028220e-04  2.22745047e+00  7.63028220e-04  5.00000000e+00 
 7.73028220e-04  2.20045107e+00  7.73028220e-04  5.00000000e+00 
 7.83028220e-04  2.17377894e+00  7.83028220e-04  5.00000000e+00 
 7.93028220e-04  2.14743010e+00  7.93028220e-04  5.00000000e+00 
 8.03028220e-04  2.12140064e+00  8.03028220e-04  5.00000000e+00 
 8.13028220e-04  2.09568670e+00  8.13028220e-04  5.00000000e+00 
 8.23028220e-04  2.07028443e+00  8.23028220e-04  5.00000000e+00 
 8.33028220e-04  2.04519008e+00  8.33028220e-04  5.00000000e+00 
 8.43028220e-04  2.02039989e+00  8.43028220e-04  5.00000000e+00 
 8.53028220e-04  1.99591020e+00  8.53028220e-04  5.00000000e+00 
 8.63028220e-04  1.97171735e+00  8.63028220e-04  5.00000000e+00 
 8.73028220e-04  1.94781774e+00  8.73028220e-04  5.00000000e+00 
 8.83028220e-04  1.92420783e+00  8.83028220e-04  5.00000000e+00 
 8.93028220e-04  1.90088410e+00  8.93028220e-04  5.00000000e+00 
 9.03028220e-04  1.87784308e+00  9.03028220e-04  5.00000000e+00 
 9.13028220e-04  1.85508135e+00  9.13028220e-04  5.00000000e+00 
 9.23028220e-04  1.83259551e+00  9.23028220e-04  5.00000000e+00 
 9.33028220e-04  1.81038223e+00  9.33028220e-04  5.00000000e+00 
 9.43028220e-04  1.78843821e+00  9.43028220e-04  5.00000000e+00 
 9.53028220e-04  1.76676017e+00  9.53028220e-04  5.00000000e+00 
 9.63028220e-04  1.74534489e+00  9.63028220e-04  5.00000000e+00 
 9.73028220e-04  1.72418920e+00  9.73028220e-04  5.00000000e+00 
 9.83028220e-04  1.70328993e+00  9.83028220e-04  5.00000000e+00 
 9.93028220e-04  1.68264400e+00  9.93028220e-04  5.00000000e+00 
 1.00302822e-03  1.66224831e+00  1.00302822e-03  5.00000000e+00 
 1.01302822e-03  1.64209985e+00  1.01302822e-03  5.00000000e+00 
 1.02302822e-03  1.62219561e+00  1.02302822e-03  5.00000000e+00 
 1.03302822e-03  1.60253263e+00  1.03302822e-03  5.00000000e+00 
 1.04302822e-03  1.58310799e+00  1.04302822e-03  5.00000000e+00 
 1.05302822e-03  1.56391880e+00  1.05302822e-03  5.00000000e+00 
 1.06302822e-03  1.54496221e+00  1.06302822e-03  5.00000000e+00 
 1.07302822e-03  1.52623540e+00  1.07302822e-03  5.00000000e+00 
 1.08302822e-03  1.50773557e+00  1.08302822e-03  5.00000000e+00 
 1.09302822e-03  1.48945999e+00  1.09302822e-03  5.00000000e+00 
 1.10302822e-03  1.47140593e+00  1.10302822e-03  5.00000000e+00 
 1.11302822e-03  1.45357071e+00  1.11302822e-03  5.00000000e+00 
 1.12302822e-03  1.43595167e+00  1.12302822e-03  5.00000000e+00 
 1.13302822e-03  1.41854619e+00  1.13302822e-03  5.00000000e+00 
 1.14302822e-03  1.40135169e+00  1.14302822e-03  5.00000000e+00 
 1.15302822e-03  1.38436561e+00  1.15302822e-03  5.00000000e+00 
 1.16302822e-03  1.36758542e+00  1.16302822e-03  5.00000000e+00 
 1.17302822e-03  1.35100863e+00  1.17302822e-03  5.00000000e+00 
 1.18302822e-03  1.33463277e+00  1.18302822e-03  5.00000000e+00 
 1.19302822e-03  1.31845540e+00  1.19302822e-03  5.00000000e+00 
 1.20302822e-03  1.30247412e+00  1.20302822e-03  5.00000000e+00 
 1.21302822e-03  1.28668656e+00  1.21302822e-03  5.00000000e+00 
 1.22302822e-03  1.27109036e+00  1.22302822e-03  5.00000000e+00 
 1.23302822e-03  1.25568320e+00  1.23302822e-03  5.00000000e+00 
 1.24302822e-03  1.24046280e+00  1.24302822e-03  5.00000000e+00 
 1.25302822e-03  1.22542689e+00  1.25302822e-03  5.00000000e+00 
 1.26302822e-03  1.21057323e+00  1.26302822e-03  5.00000000e+00 
 1.27302822e-03  1.19589961e+00  1.27302822e-03  5.00000000e+00 
 1.28302822e-03  1.18140386e+00  1.28302822e-03  5.00000000e+00 
 1.29302822e-03  1.16708381e+00  1.29302822e-03  5.00000000e+00 
 1.30302822e-03  1.15293734e+00  1.30302822e-03  5.00000000e+00 
 1.31302822e-03  1.13896234e+00  1.31302822e-03  5.00000000e+00 
 1.32302822e-03  1.12515674e+00  1.32302822e-03  5.00000000e+00 
 1.33302822e-03  1.11151848e+00  1.33302822e-03  5.00000000e+00 
 1.34302822e-03  1.09804553e+00  1.34302822e-03  5.00000000e+00 
 1.35302822e-03  1.08473588e+00  1.35302822e-03  5.00000000e+00 
 1.36302822e-03  1.07158757e+00  1.36302822e-03  5.00000000e+00 
 1.37302822e-03  1.05859863e+00  1.37302822e-03  5.00000000e+00 
 1.38302822e-03  1.04576713e+00  1.38302822e-03  5.00000000e+00 
 1.39302822e-03  1.03309117e+00  1.39302822e-03  5.00000000e+00 
 1.40302822e-03  1.02056885e+00  1.40302822e-03  5.00000000e+00 
 1.41302822e-03  1.00819832e+00  1.41302822e-03  5.00000000e+00 
 1.42302822e-03  9.95977731e-01  1.42302822e-03  5.00000000e+00 
 1.43302822e-03  9.83905274e-01  1.43302822e-03  5.00000000e+00 
 1.44302822e-03  9.71979149e-01  1.44302822e-03  5.00000000e+00 
 1.45302822e-03  9.60197584e-01  1.45302822e-03  5.00000000e+00 
 1.46302822e-03  9.48558825e-01  1.46302822e-03  5.00000000e+00 
 1.47302822e-03  9.37061143e-01  1.47302822e-03  5.00000000e+00 
 1.48302822e-03  9.25702826e-01  1.48302822e-03  5.00000000e+00 
 1.49302822e-03  9.14482185e-01  1.49302822e-03  5.00000000e+00 
 1.50302822e-03  9.03397553e-01  1.50302822e-03  5.00000000e+00 
 1.51302822e-03  8.92447279e-01  1.51302822e-03  5.00000000e+00 
 1.52302822e-03  8.81629737e-01  1.52302822e-03  5.00000000e+00 
 1.53302822e-03  8.70943316e-01  1.53302822e-03  5.00000000e+00 
 1.54302822e-03  8.60386427e-01  1.54302822e-03  5.00000000e+00 
 1.55302822e-03  8.49957501e-01  1.55302822e-03  5.00000000e+00 
 1.56302822e-03  8.39654985e-01  1.56302822e-03  5.00000000e+00 
 1.57302822e-03  8.29477349e-01  1.57302822e-03  5.00000000e+00 
 1.58302822e-03  8.19423078e-01  1.58302822e-03  5.00000000e+00 
 1.59302822e-03  8.09490677e-01  1.59302822e-03  5.00000000e+00 
 1.60302822e-03  7.99678669e-01  1.60302822e-03  5.00000000e+00 
 1.61302822e-03  7.89985594e-01  1.61302822e-03  5.00000000e+00 
 1.62302822e-03  7.80410011e-01  1.62302822e-03  5.00000000e+00 
 1.63302822e-03  7.70950496e-01  1.63302822e-03  5.00000000e+00 
 1.64302822e-03  7.61605642e-01  1.64302822e-03  5.00000000e+00 
 1.65302822e-03  7.52374058e-01  1.65302822e-03  5.00000000e+00 
 1.66302822e-03  7.43254373e-01  1.66302822e-03  5.00000000e+00 
 1.67302822e-03  7.34245229e-01  1.67302822e-03  5.00000000e+00 
 1.68302822e-03  7.25345286e-01  1.68302822e-03  5.00000000e+00 
 1.69302822e-03  7.16553222e-01  1.69302822e-03  5.00000000e+00 
 1.70302822e-03  7.07867729e-01  1.70302822e-03  5.00000000e+00 
 1.71302822e-03  6.99287514e-01  1.71302822e-03  5.00000000e+00 
 1.72302822e-03  6.90811302e-01  1.72302822e-03  5.00000000e+00 
 1.73302822e-03  6.82437831e-01  1.73302822e-03  5.00000000e+00 
 1.74302822e-03  6.74165858e-01  1.74302822e-03  5.00000000e+00 
 1.75302822e-03  6.65994150e-01  1.75302822e-03  5.00000000e+00 
 1.76302822e-03  6.57921494e-01  1.76302822e-03  5.00000000e+00 
 1.77302822e-03  6.49946688e-01  1.77302822e-03  5.00000000e+00 
 1.78302822e-03  6.42068546e-01  1.78302822e-03  5.00000000e+00 
 1.79302822e-03  6.34285897e-01  1.79302822e-03  5.00000000e+00 
 1.80302822e-03  6.26597583e-01  1.80302822e-03  5.00000000e+00 
 1.81302822e-03  6.19002461e-01  1.81302822e-03  5.00000000e+00 
 1.82302822e-03  6.11499401e-01  1.82302822e-03  5.00000000e+00 
 1.83302822e-03  6.04087287e-01  1.83302822e-03  5.00000000e+00 
 1.84302822e-03  5.96765017e-01  1.84302822e-03  5.00000000e+00 
 1.85302822e-03  5.89531501e-01  1.85302822e-03  5.00000000e+00 
 1.86302822e-03  5.82385665e-01  1.86302822e-03  5.00000000e+00 
 1.87302822e-03  5.75326445e-01  1.87302822e-03  5.00000000e+00 
 1.88302822e-03  5.68352791e-01  1.88302822e-03  5.00000000e+00 
 1.89302822e-03  5.61463666e-01  1.89302822e-03  5.00000000e+00 
 1.90302822e-03  5.54658046e-01  1.90302822e-03  5.00000000e+00 
 1.91302822e-03  5.47934918e-01  1.91302822e-03  5.00000000e+00 
 1.92302822e-03  5.41293283e-01  1.92302822e-03  5.00000000e+00 
 1.93302822e-03  5.34732152e-01  1.93302822e-03  5.00000000e+00 
 1.94302822e-03  5.28250550e-01  1.94302822e-03  5.00000000e+00 
 1.95302822e-03  5.21847513e-01  1.95302822e-03  5.00000000e+00 
 1.96302822e-03  5.15522089e-01  1.96302822e-03  5.00000000e+00 
 1.97302822e-03  5.09273336e-01  1.97302822e-03  5.00000000e+00 
 1.98302822e-03  5.03100326e-01  1.98302822e-03  5.00000000e+00 
 1.99302822e-03  4.97002140e-01  1.99302822e-03  5.00000000e+00 
 2.00302822e-03  4.90977872e-01  2.00302822e-03  5.00000000e+00 
 2.01302822e-03  4.85026625e-01  2.01302822e-03  5.00000000e+00 
 2.02302822e-03  4.79147515e-01  2.02302822e-03  5.00000000e+00 
 2.03302822e-03  4.73339666e-01  2.03302822e-03  5.00000000e+00 
 2.04302822e-03  4.67602215e-01  2.04302822e-03  5.00000000e+00 
 2.05302822e-03  4.61934310e-01  2.05302822e-03  5.00000000e+00 
 2.06302822e-03  4.56335106e-01  2.06302822e-03  5.00000000e+00 
 2.07302822e-03  4.50803771e-01  2.07302822e-03  5.00000000e+00 
 2.08302822e-03  4.45339483e-01  2.08302822e-03  5.00000000e+00 
 2.09302822e-03  4.39941429e-01  2.09302822e-03  5.00000000e+00 
 2.10302822e-03  4.34608805e-01  2.10302822e-03  5.00000000e+00 
 2.11302822e-03  4.29340820e-01  2.11302822e-03  5.00000000e+00 
 2.12302822e-03  4.24136689e-01  2.12302822e-03  5.00000000e+00 
 2.13302822e-03  4.18995638e-01  2.13302822e-03  5.00000000e+00 
 2.14302822e-03  4.13916903e-01  2.14302822e-03  5.00000000e+00 
 2.15302822e-03  4.08899728e-01  2.15302822e-03  5.00000000e+00 
 2.16302822e-03  4.03943368e-01  2.16302822e-03  5.00000000e+00 
 2.17302822e-03  3.99047085e-01  2.17302822e-03  5.00000000e+00 
 2.18302822e-03  3.94210151e-01  2.18302822e-03  5.00000000e+00 
 2.19302822e-03  3.89431846e-01  2.19302822e-03  5.00000000e+00 
 2.20302822e-03  3.84711460e-01  2.20302822e-03  5.00000000e+00 
 2.21302822e-03  3.80048290e-01  2.21302822e-03  5.00000000e+00 
 2.22302822e-03  3.75441644e-01  2.22302822e-03  5.00000000e+00 
 2.23302822e-03  3.70890837e-01  2.23302822e-03  5.00000000e+00 
 2.24302822e-03  3.66395190e-01  2.24302822e-03  5.00000000e+00 
 2.25302822e-03  3.61954036e-01  2.25302822e-03  5.00000000e+00 
 2.26302822e-03  3.57566715e-01  2.26302822e-03  5.00000000e+00 
 2.27302822e-03  3.53232573e-01  2.27302822e-03  5.00000000e+00 
 2.28302822e-03  3.48950966e-01  2.28302822e-03  5.00000000e+00 
 2.29302822e-03  3.44721257e-01  2.29302822e-03  5.00000000e+00 
 2.30302822e-03  3.40542818e-01  2.30302822e-03  5.00000000e+00 
 2.31302822e-03  3.36415026e-01  2.31302822e-03  5.00000000e+00 
 2.32302822e-03  3.32337268e-01  2.32302822e-03  5.00000000e+00 
 2.33302822e-03  3.28308937e-01  2.33302822e-03  5.00000000e+00 
 2.34302822e-03  3.24329435e-01  2.34302822e-03  5.00000000e+00 
 2.35302822e-03  3.20398169e-01  2.35302822e-03  5.00000000e+00 
 2.36302822e-03  3.16514555e-01  2.36302822e-03  5.00000000e+00 
 2.37302822e-03  3.12678015e-01  2.37302822e-03  5.00000000e+00 
 2.38302822e-03  3.08887979e-01  2.38302822e-03  5.00000000e+00 
 2.39302822e-03  3.05143882e-01  2.39302822e-03  5.00000000e+00 
 2.40302822e-03  3.01445168e-01  2.40302822e-03  5.00000000e+00 
 2.41302822e-03  2.97791287e-01  2.41302822e-03  5.00000000e+00 
 2.42302822e-03  2.94181696e-01  2.42302822e-03  5.00000000e+00 
 2.43302822e-03  2.90615857e-01  2.43302822e-03  5.00000000e+00 
 2.44302822e-03  2.87093241e-01  2.44302822e-03  5.00000000e+00 
 2.45302822e-03  2.83613323e-01  2.45302822e-03  5.00000000e+00 
 2.46302822e-03  2.80175585e-01  2.46302822e-03  5.00000000e+00 
 2.47302822e-03  2.76779518e-01  2.47302822e-03  5.00000000e+00 
 2.48302822e-03  2.73424614e-01  2.48302822e-03  5.00000000e+00 
 2.49302822e-03  2.70110377e-01  2.49302822e-03  5.00000000e+00 
 2.50302822e-03  2.66836312e-01  2.50302822e-03  5.00000000e+00 
 2.51302822e-03  2.63601932e-01  2.51302822e-03  5.00000000e+00 
 2.52302822e-03  2.60406757e-01  2.52302822e-03  5.00000000e+00 
 2.53302822e-03  2.57250312e-01  2.53302822e-03  5.00000000e+00 
 2.54302822e-03  2.54132126e-01  2.54302822e-03  5.00000000e+00 
 2.55302822e-03  2.51051737e-01  2.55302822e-03  5.00000000e+00 
 2.56302822e-03  2.48008685e-01  2.56302822e-03  5.00000000e+00 
 2.57302822e-03  2.45002519e-01  2.57302822e-03  5.00000000e+00 
 2.58302822e-03  2.42032792e-01  2.58302822e-03  5.00000000e+00 
 2.59302822e-03  2.39099061e-01  2.59302822e-03  5.00000000e+00 
 2.60302822e-03  2.36200891e-01  2.60302822e-03  5.00000000e+00 
 2.61302822e-03  2.33337849e-01  2.61302822e-03  5.00000000e+00 
 2.62302822e-03  2.30509512e-01  2.62302822e-03  5.00000000e+00 
 2.63302822e-03  2.27715457e-01  2.63302822e-03  5.00000000e+00 
 2.64302822e-03  2.24955270e-01  2.64302822e-03  5.00000000e+00 
 2.65302822e-03  2.22228539e-01  2.65302822e-03  5.00000000e+00 
 2.66302822e-03  2.19534860e-01  2.66302822e-03  5.00000000e+00 
 2.67302822e-03  2.16873831e-01  2.67302822e-03  5.00000000e+00 
 2.68302822e-03  2.14245058e-01  2.68302822e-03  5.00000000e+00 
 2.69302822e-03  2.11648148e-01  2.69302822e-03  5.00000000e+00 
 2.70302822e-03  2.09082716e-01  2.70302822e-03  5.00000000e+00 
 2.71302822e-03  2.06548380e-01  2.71302822e-03  5.00000000e+00 
 2.72302822e-03  2.04044763e-01  2.72302822e-03  5.00000000e+00 
 2.73302822e-03  2.01571493e-01  2.73302822e-03  5.00000000e+00 
 2.74302822e-03  1.99128202e-01  2.74302822e-03  5.00000000e+00 
 2.75302822e-03  1.96714527e-01  2.75302822e-03  5.00000000e+00 
 2.76302822e-03  1.94330109e-01  2.76302822e-03  5.00000000e+00 
 2.77302822e-03  1.91974592e-01  2.77302822e-03  5.00000000e+00 
 2.78302822e-03  1.89647628e-01  2.78302822e-03  5.00000000e+00 
 2.79302822e-03  1.87348868e-01  2.79302822e-03  5.00000000e+00 
 2.80302822e-03  1.85077973e-01  2.80302822e-03  5.00000000e+00 
 2.81302822e-03  1.82834604e-01  2.81302822e-03  5.00000000e+00 
 2.82302822e-03  1.80618427e-01  2.82302822e-03  5.00000000e+00 
 2.83302822e-03  1.78429112e-01  2.83302822e-03  5.00000000e+00 
 2.84302822e-03  1.76266335e-01  2.84302822e-03  5.00000000e+00 
 2.85302822e-03  1.74129774e-01  2.85302822e-03  5.00000000e+00 
 2.86302822e-03  1.72019110e-01  2.86302822e-03  5.00000000e+00 
 2.87302822e-03  1.69934030e-01  2.87302822e-03  5.00000000e+00 
 2.88302822e-03  1.67874223e-01  2.88302822e-03  5.00000000e+00 
 2.89302822e-03  1.65839384e-01  2.89302822e-03  5.00000000e+00 
 2.90302822e-03  1.63829210e-01  2.90302822e-03  5.00000000e+00 
 2.91302822e-03  1.61843401e-01  2.91302822e-03  5.00000000e+00 
 2.92302822e-03  1.59881663e-01  2.92302822e-03  5.00000000e+00 
 2.93302822e-03  1.57943703e-01  2.93302822e-03  5.00000000e+00 
 2.94302822e-03  1.56029234e-01  2.94302822e-03  5.00000000e+00 
 2.95302822e-03  1.54137971e-01  2.95302822e-03  5.00000000e+00 
 2.96302822e-03  1.52269632e-01  2.96302822e-03  5.00000000e+00 
 2.97302822e-03  1.50423939e-01  2.97302822e-03  5.00000000e+00 
 2.98302822e-03  1.48600619e-01  2.98302822e-03  5.00000000e+00 
 2.99302822e-03  1.46799399e-01  2.99302822e-03  5.00000000e+00 
 3.00302822e-03  1.45020013e-01  3.00302822e-03  5.00000000e+00 
 3.01302822e-03  1.43262194e-01  3.01302822e-03  5.00000000e+00 
 3.02302822e-03  1.41525683e-01  3.02302822e-03  5.00000000e+00 
 3.03302822e-03  1.39810220e-01  3.03302822e-03  5.00000000e+00 
 3.04302822e-03  1.38115551e-01  3.04302822e-03  5.00000000e+00 
 3.05302822e-03  1.36441423e-01  3.05302822e-03  5.00000000e+00 
 3.06302822e-03  1.34787587e-01  3.06302822e-03  5.00000000e+00 
 3.07302822e-03  1.33153798e-01  3.07302822e-03  5.00000000e+00 
 3.08302822e-03  1.31539813e-01  3.08302822e-03  5.00000000e+00 
 3.09302822e-03  1.29945391e-01  3.09302822e-03  5.00000000e+00 
 3.10302822e-03  1.28370295e-01  3.10302822e-03  5.00000000e+00 
 3.11302822e-03  1.26814292e-01  3.11302822e-03  5.00000000e+00 
 3.12302822e-03  1.25277149e-01  3.12302822e-03  5.00000000e+00 
 3.13302822e-03  1.23758638e-01  3.13302822e-03  5.00000000e+00 
 3.14302822e-03  1.22258533e-01  3.14302822e-03  5.00000000e+00 
 3.15302822e-03  1.20776612e-01  3.15302822e-03  5.00000000e+00 
 3.16302822e-03  1.19312653e-01  3.16302822e-03  5.00000000e+00 
 3.17302822e-03  1.17866439e-01  3.17302822e-03  5.00000000e+00 
 3.18302822e-03  1.16437755e-01  3.18302822e-03  5.00000000e+00 
 3.19302822e-03  1.15026388e-01  3.19302822e-03  5.00000000e+00 
 3.20302822e-03  1.13632129e-01  3.20302822e-03  5.00000000e+00 
 3.21302822e-03  1.12254769e-01  3.21302822e-03  5.00000000e+00 
 3.22302822e-03  1.10894106e-01  3.22302822e-03  5.00000000e+00 
 3.23302822e-03  1.09549935e-01  3.23302822e-03  5.00000000e+00 
 3.24302822e-03  1.08222057e-01  3.24302822e-03  5.00000000e+00 
 3.25302822e-03  1.06910274e-01  3.25302822e-03  5.00000000e+00 
 3.26302822e-03  1.05614392e-01  3.26302822e-03  5.00000000e+00 
 3.27302822e-03  1.04334218e-01  3.27302822e-03  5.00000000e+00 
 3.28302822e-03  1.03069560e-01  3.28302822e-03  5.00000000e+00 
 3.29302822e-03  1.01820232e-01  3.29302822e-03  5.00000000e+00 
 3.30302822e-03  1.00586048e-01  3.30302822e-03  5.00000000e+00 
 3.31302822e-03  9.93668229e-02  3.31302822e-03  5.00000000e+00 
 3.32302822e-03  9.81623766e-02  3.32302822e-03  5.00000000e+00 
 3.33302822e-03  9.69725296e-02  3.33302822e-03  5.00000000e+00 
 3.34302822e-03  9.57971050e-02  3.34302822e-03  5.00000000e+00 
 3.35302822e-03  9.46359280e-02  3.35302822e-03  5.00000000e+00 
 3.36302822e-03  9.34888258e-02  3.36302822e-03  5.00000000e+00 
 3.37302822e-03  9.23556279e-02  3.37302822e-03  5.00000000e+00 
 3.38302822e-03  9.12361658e-02  3.38302822e-03  5.00000000e+00 
 3.39302822e-03  9.01302728e-02  3.39302822e-03  5.00000000e+00 
 3.40302822e-03  8.90377847e-02  3.40302822e-03  5.00000000e+00 
 3.41302822e-03  8.79585388e-02  3.41302822e-03  5.00000000e+00 
 3.42302822e-03  8.68923747e-02  3.42302822e-03  5.00000000e+00 
 3.43302822e-03  8.58391338e-02  3.43302822e-03  5.00000000e+00 
 3.44302822e-03  8.47986594e-02  3.44302822e-03  5.00000000e+00 
 3.45302822e-03  8.37707969e-02  3.45302822e-03  5.00000000e+00 
 3.46302822e-03  8.27553933e-02  3.46302822e-03  5.00000000e+00 
 3.47302822e-03  8.17522976e-02  3.47302822e-03  5.00000000e+00 
 3.48302822e-03  8.07613607e-02  3.48302822e-03  5.00000000e+00 
 3.49302822e-03  7.97824351e-02  3.49302822e-03  5.00000000e+00 
 3.50302822e-03  7.88153753e-02  3.50302822e-03  5.00000000e+00 
 3.51302822e-03  7.78600374e-02  3.51302822e-03  5.00000000e+00 
 3.52302822e-03  7.69162794e-02  3.52302822e-03  5.00000000e+00 
 3.53302822e-03  7.59839608e-02  3.53302822e-03  5.00000000e+00 
 3.54302822e-03  7.50629431e-02  3.54302822e-03  5.00000000e+00 
 3.55302822e-03  7.41530893e-02  3.55302822e-03  5.00000000e+00 
 3.56302822e-03  7.32542639e-02  3.56302822e-03  5.00000000e+00 
 3.57302822e-03  7.23663335e-02  3.57302822e-03  5.00000000e+00 
 3.58302822e-03  7.14891658e-02  3.58302822e-03  5.00000000e+00 
 3.59302822e-03  7.06226305e-02  3.59302822e-03  5.00000000e+00 
 3.60302822e-03  6.97665986e-02  3.60302822e-03  5.00000000e+00 
 3.61302822e-03  6.89209428e-02  3.61302822e-03  5.00000000e+00 
 3.62302822e-03  6.80855375e-02  3.62302822e-03  5.00000000e+00 
 3.63302822e-03  6.72602582e-02  3.63302822e-03  5.00000000e+00 
 3.64302822e-03  6.64449824e-02  3.64302822e-03  5.00000000e+00 
 3.65302822e-03  6.56395886e-02  3.65302822e-03  5.00000000e+00 
 3.66302822e-03  6.48439573e-02  3.66302822e-03  5.00000000e+00 
 3.67302822e-03  6.40579699e-02  3.67302822e-03  5.00000000e+00 
 3.68302822e-03  6.32815097e-02  3.68302822e-03  5.00000000e+00 
 3.69302822e-03  6.25144611e-02  3.69302822e-03  5.00000000e+00 
 3.70302822e-03  6.17567100e-02  3.70302822e-03  5.00000000e+00 
 3.71302822e-03  6.10081438e-02  3.71302822e-03  5.00000000e+00 
 3.72302822e-03  6.02686512e-02  3.72302822e-03  5.00000000e+00 
 3.73302822e-03  5.95381221e-02  3.73302822e-03  5.00000000e+00 
 3.74302822e-03  5.88164479e-02  3.74302822e-03  5.00000000e+00 
 3.75302822e-03  5.81035212e-02  3.75302822e-03  5.00000000e+00 
 3.76302822e-03  5.73992361e-02  3.76302822e-03  5.00000000e+00 
 3.77302822e-03  5.67034878e-02  3.77302822e-03  5.00000000e+00 
 3.78302822e-03  5.60161728e-02  3.78302822e-03  5.00000000e+00 
 3.79302822e-03  5.53371889e-02  3.79302822e-03  5.00000000e+00 
 3.80302822e-03  5.46664351e-02  3.80302822e-03  5.00000000e+00 
 3.81302822e-03  5.40038116e-02  3.81302822e-03  5.00000000e+00 
 3.82302822e-03  5.33492200e-02  3.82302822e-03  5.00000000e+00 
 3.83302822e-03  5.27025628e-02  3.83302822e-03  5.00000000e+00 
 3.84302822e-03  5.20637438e-02  3.84302822e-03  5.00000000e+00 
 3.85302822e-03  5.14326681e-02  3.85302822e-03  5.00000000e+00 
 3.86302822e-03  5.08092419e-02  3.86302822e-03  5.00000000e+00 
 3.87302822e-03  5.01933723e-02  3.87302822e-03  5.00000000e+00 
 3.88302822e-03  4.95849677e-02  3.88302822e-03  5.00000000e+00 
 3.89302822e-03  4.89839378e-02  3.89302822e-03  5.00000000e+00 
 3.90302822e-03  4.83901931e-02  3.90302822e-03  5.00000000e+00 
 3.91302822e-03  4.78036453e-02  3.91302822e-03  5.00000000e+00 
 3.92302822e-03  4.72242072e-02  3.92302822e-03  5.00000000e+00 
 3.93302822e-03  4.66517926e-02  3.93302822e-03  5.00000000e+00 
 3.94302822e-03  4.60863163e-02  3.94302822e-03  5.00000000e+00 
 3.95302822e-03  4.55276943e-02  3.95302822e-03  5.00000000e+00 
 3.96302822e-03  4.49758434e-02  3.96302822e-03  5.00000000e+00 
 3.97302822e-03  4.44306817e-02  3.97302822e-03  5.00000000e+00 
 3.98302822e-03  4.38921280e-02  3.98302822e-03  5.00000000e+00 
 3.99302822e-03  4.33601022e-02  3.99302822e-03  5.00000000e+00 
 4.00302822e-03  4.28345252e-02  4.00302822e-03  5.00000000e+00 
 4.01302822e-03  4.23153188e-02  4.01302822e-03  5.00000000e+00 
 4.02302822e-03  4.18024059e-02  4.02302822e-03  5.00000000e+00 
 4.03302822e-03  4.12957100e-02  4.03302822e-03  5.00000000e+00 
 4.04302822e-03  4.07951560e-02  4.04302822e-03  5.00000000e+00 
 4.05302822e-03  4.03006692e-02  4.05302822e-03  5.00000000e+00 
 4.06302822e-03  3.98121763e-02  4.06302822e-03  5.00000000e+00 
 4.07302822e-03  3.93296045e-02  4.07302822e-03  5.00000000e+00 
 4.08302822e-03  3.88528820e-02  4.08302822e-03  5.00000000e+00 
 4.09302822e-03  3.83819380e-02  4.09302822e-03  5.00000000e+00 
 4.10302822e-03  3.79167023e-02  4.10302822e-03  5.00000000e+00 
 4.11302822e-03  3.74571059e-02  4.11302822e-03  5.00000000e+00 
 4.12302822e-03  3.70030804e-02  4.12302822e-03  5.00000000e+00 
 4.13302822e-03  3.65545582e-02  4.13302822e-03  5.00000000e+00 
 4.14302822e-03  3.61114727e-02  4.14302822e-03  5.00000000e+00 
 4.15302822e-03  3.56737579e-02  4.15302822e-03  5.00000000e+00 
 4.16302822e-03  3.52413487e-02  4.16302822e-03  5.00000000e+00 
 4.17302822e-03  3.48141808e-02  4.17302822e-03  5.00000000e+00 
 4.18302822e-03  3.43921907e-02  4.18302822e-03  5.00000000e+00 
 4.19302822e-03  3.39753157e-02  4.19302822e-03  5.00000000e+00 
 4.20302822e-03  3.35634937e-02  4.20302822e-03  5.00000000e+00 
 4.21302822e-03  3.31566635e-02  4.21302822e-03  5.00000000e+00 
 4.22302822e-03  3.27547645e-02  4.22302822e-03  5.00000000e+00 
 4.23302822e-03  3.23577371e-02  4.23302822e-03  5.00000000e+00 
 4.24302822e-03  3.19655221e-02  4.24302822e-03  5.00000000e+00 
 4.25302822e-03  3.15780612e-02  4.25302822e-03  5.00000000e+00 
 4.26302822e-03  3.11952968e-02  4.26302822e-03  5.00000000e+00 
 4.27302822e-03  3.08171720e-02  4.27302822e-03  5.00000000e+00 
 4.28302822e-03  3.04436305e-02  4.28302822e-03  5.00000000e+00 
 4.29302822e-03  3.00746168e-02  4.29302822e-03  5.00000000e+00 
 4.30302822e-03  2.97100760e-02  4.30302822e-03  5.00000000e+00 
 4.31302822e-03  2.93499539e-02  4.31302822e-03  5.00000000e+00 
 4.32302822e-03  2.89941969e-02  4.32302822e-03  5.00000000e+00 
 4.33302822e-03  2.86427521e-02  4.33302822e-03  5.00000000e+00 
 4.34302822e-03  2.82955672e-02  4.34302822e-03  5.00000000e+00 
 4.35302822e-03  2.79525906e-02  4.35302822e-03  5.00000000e+00 
 4.36302822e-03  2.76137713e-02  4.36302822e-03  5.00000000e+00 
 4.37302822e-03  2.72790590e-02  4.37302822e-03  5.00000000e+00 
 4.38302822e-03  2.69484037e-02  4.38302822e-03  5.00000000e+00 
 4.39302822e-03  2.66217564e-02  4.39302822e-03  5.00000000e+00 
 4.40302822e-03  2.62990684e-02  4.40302822e-03  5.00000000e+00 
 4.41302822e-03  2.59802918e-02  4.41302822e-03  5.00000000e+00 
 4.42302822e-03  2.56653792e-02  4.42302822e-03  5.00000000e+00 
 4.43302822e-03  2.53542837e-02  4.43302822e-03  5.00000000e+00 
 4.44302822e-03  2.50469590e-02  4.44302822e-03  5.00000000e+00 
 4.45302822e-03  2.47433595e-02  4.45302822e-03  5.00000000e+00 
 4.46302822e-03  2.44434400e-02  4.46302822e-03  5.00000000e+00 
 4.47302822e-03  2.41471559e-02  4.47302822e-03  5.00000000e+00 
 4.48302822e-03  2.38544631e-02  4.48302822e-03  5.00000000e+00 
 4.49302822e-03  2.35653181e-02  4.49302822e-03  5.00000000e+00 
 4.50302822e-03  2.32796779e-02  4.50302822e-03  5.00000000e+00 
 4.51302822e-03  2.29975000e-02  4.51302822e-03  5.00000000e+00 
 4.52302822e-03  2.27187424e-02  4.52302822e-03  5.00000000e+00 
 4.53302822e-03  2.24433637e-02  4.53302822e-03  5.00000000e+00 
 4.54302822e-03  2.21713229e-02  4.54302822e-03  5.00000000e+00 
 4.55302822e-03  2.19025796e-02  4.55302822e-03  5.00000000e+00 
 4.56302822e-03  2.16370938e-02  4.56302822e-03  5.00000000e+00 
 4.57302822e-03  2.13748260e-02  4.57302822e-03  5.00000000e+00 
 4.58302822e-03  2.11157372e-02  4.58302822e-03  5.00000000e+00 
 4.59302822e-03  2.08597889e-02  4.59302822e-03  5.00000000e+00 
 4.60302822e-03  2.06069429e-02  4.60302822e-03  5.00000000e+00 
 4.61302822e-03  2.03571618e-02  4.61302822e-03  5.00000000e+00 
 4.62302822e-03  2.01104083e-02  4.62302822e-03  5.00000000e+00 
 4.63302822e-03  1.98666458e-02  4.63302822e-03  5.00000000e+00 
 4.64302822e-03  1.96258380e-02  4.64302822e-03  5.00000000e+00 
 4.65302822e-03  1.93879490e-02  4.65302822e-03  5.00000000e+00 
 4.66302822e-03  1.91529436e-02  4.66302822e-03  5.00000000e+00 
 4.67302822e-03  1.89207867e-02  4.67302822e-03  5.00000000e+00 
 4.68302822e-03  1.86914438e-02  4.68302822e-03  5.00000000e+00 
 4.69302822e-03  1.84648809e-02  4.69302822e-03  5.00000000e+00 
 4.70302822e-03  1.82410641e-02  4.70302822e-03  5.00000000e+00 
 4.71302822e-03  1.80199603e-02  4.71302822e-03  5.00000000e+00 
 4.72302822e-03  1.78015366e-02  4.72302822e-03  5.00000000e+00 
 4.73302822e-03  1.75857604e-02  4.73302822e-03  5.00000000e+00 
 4.74302822e-03  1.73725996e-02  4.74302822e-03  5.00000000e+00 
 4.75302822e-03  1.71620227e-02  4.75302822e-03  5.00000000e+00 
 4.76302822e-03  1.69539982e-02  4.76302822e-03  5.00000000e+00 
 4.77302822e-03  1.67484952e-02  4.77302822e-03  5.00000000e+00 
 4.78302822e-03  1.65454831e-02  4.78302822e-03  5.00000000e+00 
 4.79302822e-03  1.63449318e-02  4.79302822e-03  5.00000000e+00 
 4.80302822e-03  1.61468114e-02  4.80302822e-03  5.00000000e+00 
 4.81302822e-03  1.59510925e-02  4.81302822e-03  5.00000000e+00 
 4.82302822e-03  1.57577459e-02  4.82302822e-03  5.00000000e+00 
 4.83302822e-03  1.55667429e-02  4.83302822e-03  5.00000000e+00 
 4.84302822e-03  1.53780551e-02  4.84302822e-03  5.00000000e+00 
 4.85302822e-03  1.51916545e-02  4.85302822e-03  5.00000000e+00 
 4.86302822e-03  1.50075132e-02  4.86302822e-03  5.00000000e+00 
 4.87302822e-03  1.48256039e-02  4.87302822e-03  5.00000000e+00 
 4.88302822e-03  1.46458996e-02  4.88302822e-03  5.00000000e+00 
 4.89302822e-03  1.44683736e-02  4.89302822e-03  5.00000000e+00 
 4.90302822e-03  1.42929994e-02  4.90302822e-03  5.00000000e+00 
 4.91302822e-03  1.41197509e-02  4.91302822e-03  5.00000000e+00 
 4.92302822e-03  1.39486024e-02  4.92302822e-03  5.00000000e+00 
 4.93302822e-03  1.37795284e-02  4.93302822e-03  5.00000000e+00 
 4.94302822e-03  1.36125038e-02  4.94302822e-03  5.00000000e+00 
 4.95302822e-03  1.34475038e-02  4.95302822e-03  5.00000000e+00 
 4.96302822e-03  1.32845037e-02  4.96302822e-03  5.00000000e+00 
 4.97302822e-03  1.31234795e-02  4.97302822e-03  5.00000000e+00 
 4.98302822e-03  1.29644070e-02  4.98302822e-03  5.00000000e+00 
 4.99302822e-03  1.28072627e-02  4.99302822e-03  5.00000000e+00 
 5.00302822e-03  1.26520231e-02  5.00302822e-03  5.00000000e+00 
 5.01302822e-03  1.24986652e-02  5.01302822e-03  5.00000000e+00 
 5.02302822e-03  1.23471663e-02  5.02302822e-03  5.00000000e+00 
 5.03302822e-03  1.21975037e-02  5.03302822e-03  5.00000000e+00 
 5.04302822e-03  1.20496551e-02  5.04302822e-03  5.00000000e+00 
 5.05302822e-03  1.19035987e-02  5.05302822e-03  5.00000000e+00 
 5.06302822e-03  1.17593127e-02  5.06302822e-03  5.00000000e+00 
 5.07302822e-03  1.16167755e-02  5.07302822e-03  5.00000000e+00 
 5.08302822e-03  1.14759661e-02  5.08302822e-03  5.00000000e+00 
 5.09302822e-03  1.13368635e-02  5.09302822e-03  5.00000000e+00 
 5.10302822e-03  1.11994470e-02  5.10302822e-03  5.00000000e+00 
 5.11302822e-03  1.10636961e-02  5.11302822e-03  5.00000000e+00 
 5.12302822e-03  1.09295907e-02  5.12302822e-03  5.00000000e+00 
 5.13302822e-03  1.07971108e-02  5.13302822e-03  5.00000000e+00 
 5.14302822e-03  1.06662367e-02  5.14302822e-03  5.00000000e+00 
 5.15302822e-03  1.05369490e-02  5.15302822e-03  5.00000000e+00 
 5.16302822e-03  1.04092284e-02  5.16302822e-03  5.00000000e+00 
 5.17302822e-03  1.02830560e-02  5.17302822e-03  5.00000000e+00 
 5.18302822e-03  1.01584129e-02  5.18302822e-03  5.00000000e+00 
 5.19302822e-03  1.00352806e-02  5.19302822e-03  5.00000000e+00 
 5.20302822e-03  9.91364082e-03  5.20302822e-03  5.00000000e+00 
 5.21302822e-03  9.79347548e-03  5.21302822e-03  5.00000000e+00 
 5.22302822e-03  9.67476669e-03  5.22302822e-03  5.00000000e+00 
 5.23302822e-03  9.55749679e-03  5.23302822e-03  5.00000000e+00 
 5.24302822e-03  9.44164834e-03  5.24302822e-03  5.00000000e+00 
 5.25302822e-03  9.32720412e-03  5.25302822e-03  5.00000000e+00 
 5.26302822e-03  9.21414710e-03  5.26302822e-03  5.00000000e+00 
 5.27302822e-03  9.10246047e-03  5.27302822e-03  5.00000000e+00 
 5.28302822e-03  8.99212761e-03  5.28302822e-03  5.00000000e+00 
 5.29302822e-03  8.88313213e-03  5.29302822e-03  5.00000000e+00 
 5.30302822e-03  8.77545780e-03  5.30302822e-03  5.00000000e+00 
 5.31302822e-03  8.66908861e-03  5.31302822e-03  5.00000000e+00 
 5.32302822e-03  8.56400875e-03  5.32302822e-03  5.00000000e+00 
 5.33302822e-03  8.46020258e-03  5.33302822e-03  5.00000000e+00 
 5.34302822e-03  8.35765467e-03  5.34302822e-03  5.00000000e+00 
 5.35302822e-03  8.25634977e-03  5.35302822e-03  5.00000000e+00 
 5.36302822e-03  8.15627280e-03  5.36302822e-03  5.00000000e+00 
 5.37302822e-03  8.05740889e-03  5.37302822e-03  5.00000000e+00 
 5.38302822e-03  7.95974333e-03  5.38302822e-03  5.00000000e+00 
 5.39302822e-03  7.86326159e-03  5.39302822e-03  5.00000000e+00 
 5.40302822e-03  7.76794933e-03  5.40302822e-03  5.00000000e+00 
 5.41302822e-03  7.67379237e-03  5.41302822e-03  5.00000000e+00 
 5.42302822e-03  7.58077670e-03  5.42302822e-03  5.00000000e+00 
 5.43302822e-03  7.48888850e-03  5.43302822e-03  5.00000000e+00 
 5.44302822e-03  7.39811409e-03  5.44302822e-03  5.00000000e+00 
 5.45302822e-03  7.30843998e-03  5.45302822e-03  5.00000000e+00 
 5.46302822e-03  7.21985283e-03  5.46302822e-03  5.00000000e+00 
 5.47302822e-03  7.13233946e-03  5.47302822e-03  5.00000000e+00 
 5.48302822e-03  7.04588686e-03  5.48302822e-03  5.00000000e+00 
 5.49302822e-03  6.96048217e-03  5.49302822e-03  5.00000000e+00 
 5.50302822e-03  6.87611269e-03  5.50302822e-03  5.00000000e+00 
 5.51302822e-03  6.79276587e-03  5.51302822e-03  5.00000000e+00 
 5.52302822e-03  6.71042932e-03  5.52302822e-03  5.00000000e+00 
 5.53302822e-03  6.62909078e-03  5.53302822e-03  5.00000000e+00 
 5.54302822e-03  6.54873816e-03  5.54302822e-03  5.00000000e+00 
 5.55302822e-03  6.46935952e-03  5.55302822e-03  5.00000000e+00 
 5.56302822e-03  6.39094304e-03  5.56302822e-03  5.00000000e+00 
 5.57302822e-03  6.31347706e-03  5.57302822e-03  5.00000000e+00 
 5.58302822e-03  6.23695007e-03  5.58302822e-03  5.00000000e+00 
 5.59302822e-03  6.16135068e-03  5.59302822e-03  5.00000000e+00 
 5.60302822e-03  6.08666764e-03  5.60302822e-03  5.00000000e+00 
 5.61302822e-03  6.01288985e-03  5.61302822e-03  5.00000000e+00 
 5.62302822e-03  5.94000633e-03  5.62302822e-03  5.00000000e+00 
 5.63302822e-03  5.86800626e-03  5.63302822e-03  5.00000000e+00 
 5.64302822e-03  5.79687891e-03  5.64302822e-03  5.00000000e+00 
 5.65302822e-03  5.72661371e-03  5.65302822e-03  5.00000000e+00 
 5.66302822e-03  5.65720021e-03  5.66302822e-03  5.00000000e+00 
 5.67302822e-03  5.58862809e-03  5.67302822e-03  5.00000000e+00 
 5.68302822e-03  5.52088714e-03  5.68302822e-03  5.00000000e+00 
 5.69302822e-03  5.45396730e-03  5.69302822e-03  5.00000000e+00 
 5.70302822e-03  5.38785860e-03  5.70302822e-03  5.00000000e+00 
 5.71302822e-03  5.32255122e-03  5.71302822e-03  5.00000000e+00 
 5.72302822e-03  5.25803545e-03  5.72302822e-03  5.00000000e+00 
 5.73302822e-03  5.19430169e-03  5.73302822e-03  5.00000000e+00 
 5.74302822e-03  5.13134046e-03  5.74302822e-03  5.00000000e+00 
 5.75302822e-03  5.06914239e-03  5.75302822e-03  5.00000000e+00 
 5.76302822e-03  5.00769824e-03  5.76302822e-03  5.00000000e+00 
 5.77302822e-03  4.94699887e-03  5.77302822e-03  5.00000000e+00 
 5.78302822e-03  4.88703524e-03  5.78302822e-03  5.00000000e+00 
 5.79302822e-03  4.82779845e-03  5.79302822e-03  5.00000000e+00 
 5.80302822e-03  4.76927968e-03  5.80302822e-03  5.00000000e+00 
 5.81302822e-03  4.71147023e-03  5.81302822e-03  5.00000000e+00 
 5.82302822e-03  4.65436150e-03  5.82302822e-03  5.00000000e+00 
 5.83302822e-03  4.59794500e-03  5.83302822e-03  5.00000000e+00 
 5.84302822e-03  4.54221233e-03  5.84302822e-03  5.00000000e+00 
 5.85302822e-03  4.48715522e-03  5.85302822e-03  5.00000000e+00 
 5.86302822e-03  4.43276545e-03  5.86302822e-03  5.00000000e+00 
 5.87302822e-03  4.37903496e-03  5.87302822e-03  5.00000000e+00 
 5.88302822e-03  4.32595575e-03  5.88302822e-03  5.00000000e+00 
 5.89302822e-03  4.27351993e-03  5.89302822e-03  5.00000000e+00 
 5.90302822e-03  4.22171968e-03  5.90302822e-03  5.00000000e+00 
 5.91302822e-03  4.17054732e-03  5.91302822e-03  5.00000000e+00 
 5.92302822e-03  4.11999524e-03  5.92302822e-03  5.00000000e+00 
 5.93302822e-03  4.07005590e-03  5.93302822e-03  5.00000000e+00 
 5.94302822e-03  4.02072189e-03  5.94302822e-03  5.00000000e+00 
 5.95302822e-03  3.97198587e-03  5.95302822e-03  5.00000000e+00 
 5.96302822e-03  3.92384058e-03  5.96302822e-03  5.00000000e+00 
 5.97302822e-03  3.87627888e-03  5.97302822e-03  5.00000000e+00 
 5.98302822e-03  3.82929368e-03  5.98302822e-03  5.00000000e+00 
 5.99302822e-03  3.78287800e-03  5.99302822e-03  5.00000000e+00 
 6.00302822e-03  3.73702493e-03  6.00302822e-03  5.00000000e+00 
 6.01302822e-03  3.69172766e-03  6.01302822e-03  5.00000000e+00 
 6.02302822e-03  3.64697945e-03  6.02302822e-03  5.00000000e+00 
 6.03302822e-03  3.60277363e-03  6.03302822e-03  5.00000000e+00 
 6.04302822e-03  3.55910365e-03  6.04302822e-03  5.00000000e+00 
 6.05302822e-03  3.51596300e-03  6.05302822e-03  5.00000000e+00 
 6.06302822e-03  3.47334527e-03  6.06302822e-03  5.00000000e+00 
 6.07302822e-03  3.43124411e-03  6.07302822e-03  5.00000000e+00 
 6.08302822e-03  3.38965327e-03  6.08302822e-03  5.00000000e+00 
 6.09302822e-03  3.34856657e-03  6.09302822e-03  5.00000000e+00 
 6.10302822e-03  3.30797788e-03  6.10302822e-03  5.00000000e+00 
 6.11302822e-03  3.26788118e-03  6.11302822e-03  5.00000000e+00 
 6.12302822e-03  3.22827050e-03  6.12302822e-03  5.00000000e+00 
 6.13302822e-03  3.18913995e-03  6.13302822e-03  5.00000000e+00 
 6.14302822e-03  3.15048371e-03  6.14302822e-03  5.00000000e+00 
 6.15302822e-03  3.11229603e-03  6.15302822e-03  5.00000000e+00 
 6.16302822e-03  3.07457123e-03  6.16302822e-03  5.00000000e+00 
 6.17302822e-03  3.03730370e-03  6.17302822e-03  5.00000000e+00 
 6.18302822e-03  3.00048789e-03  6.18302822e-03  5.00000000e+00 
 6.19302822e-03  2.96411834e-03  6.19302822e-03  5.00000000e+00 
 6.20302822e-03  2.92818964e-03  6.20302822e-03  5.00000000e+00 
 6.21302822e-03  2.89269643e-03  6.21302822e-03  5.00000000e+00 
 6.22302822e-03  2.85763344e-03  6.22302822e-03  5.00000000e+00 
 6.23302822e-03  2.82299546e-03  6.23302822e-03  5.00000000e+00 
 6.24302822e-03  2.78877733e-03  6.24302822e-03  5.00000000e+00 
 6.25302822e-03  2.75497397e-03  6.25302822e-03  5.00000000e+00 
 6.26302822e-03  2.72158035e-03  6.26302822e-03  5.00000000e+00 
 6.27302822e-03  2.68859149e-03  6.27302822e-03  5.00000000e+00 
 6.28302822e-03  2.65600251e-03  6.28302822e-03  5.00000000e+00 
 6.29302822e-03  2.62380854e-03  6.29302822e-03  5.00000000e+00 
 6.30302822e-03  2.59200480e-03  6.30302822e-03  5.00000000e+00 
 6.31302822e-03  2.56058656e-03  6.31302822e-03  5.00000000e+00 
 6.32302822e-03  2.52954914e-03  6.32302822e-03  5.00000000e+00 
 6.33302822e-03  2.49888794e-03  6.33302822e-03  5.00000000e+00 
 6.34302822e-03  2.46859839e-03  6.34302822e-03  5.00000000e+00 
 6.35302822e-03  2.43867599e-03  6.35302822e-03  5.00000000e+00 
 6.36302822e-03  2.40911628e-03  6.36302822e-03  5.00000000e+00 
 6.37302822e-03  2.37991487e-03  6.37302822e-03  5.00000000e+00 
 6.38302822e-03  2.35106742e-03  6.38302822e-03  5.00000000e+00 
 6.39302822e-03  2.32256963e-03  6.39302822e-03  5.00000000e+00 
 6.40302822e-03  2.29441727e-03  6.40302822e-03  5.00000000e+00 
 6.41302822e-03  2.26660615e-03  6.41302822e-03  5.00000000e+00 
 6.42302822e-03  2.23913214e-03  6.42302822e-03  5.00000000e+00 
 6.43302822e-03  2.21199114e-03  6.43302822e-03  5.00000000e+00 
 6.44302822e-03  2.18517913e-03  6.44302822e-03  5.00000000e+00 
 6.45302822e-03  2.15869211e-03  6.45302822e-03  5.00000000e+00 
 6.46302822e-03  2.13252614e-03  6.46302822e-03  5.00000000e+00 
 6.47302822e-03  2.10667734e-03  6.47302822e-03  5.00000000e+00 
 6.48302822e-03  2.08114186e-03  6.48302822e-03  5.00000000e+00 
 6.49302822e-03  2.05591590e-03  6.49302822e-03  5.00000000e+00 
 6.50302822e-03  2.03099570e-03  6.50302822e-03  5.00000000e+00 
 6.51302822e-03  2.00637757e-03  6.51302822e-03  5.00000000e+00 
 6.52302822e-03  1.98205785e-03  6.52302822e-03  5.00000000e+00 
 6.53302822e-03  1.95803290e-03  6.53302822e-03  5.00000000e+00 
 6.54302822e-03  1.93429917e-03  6.54302822e-03  5.00000000e+00 
 6.55302822e-03  1.91085312e-03  6.55302822e-03  5.00000000e+00 
 6.56302822e-03  1.88769126e-03  6.56302822e-03  5.00000000e+00 
 6.57302822e-03  1.86481016e-03  6.57302822e-03  5.00000000e+00 
 6.58302822e-03  1.84220640e-03  6.58302822e-03  5.00000000e+00 
 6.59302822e-03  1.81987662e-03  6.59302822e-03  5.00000000e+00 
 6.60302822e-03  1.79781751e-03  6.60302822e-03  5.00000000e+00 
 6.61302822e-03  1.77602579e-03  6.61302822e-03  5.00000000e+00 
 6.62302822e-03  1.75449820e-03  6.62302822e-03  5.00000000e+00 
 6.63302822e-03  1.73323156e-03  6.63302822e-03  5.00000000e+00 
 6.64302822e-03  1.71222269e-03  6.64302822e-03  5.00000000e+00 
 6.65302822e-03  1.69146847e-03  6.65302822e-03  5.00000000e+00 
 6.66302822e-03  1.67096583e-03  6.66302822e-03  5.00000000e+00 
 6.67302822e-03  1.65071169e-03  6.67302822e-03  5.00000000e+00 
 6.68302822e-03  1.63070307e-03  6.68302822e-03  5.00000000e+00 
 6.69302822e-03  1.61093697e-03  6.69302822e-03  5.00000000e+00 
 6.70302822e-03  1.59141046e-03  6.70302822e-03  5.00000000e+00 
 6.71302822e-03  1.57212064e-03  6.71302822e-03  5.00000000e+00 
 6.72302822e-03  1.55306463e-03  6.72302822e-03  5.00000000e+00 
 6.73302822e-03  1.53423960e-03  6.73302822e-03  5.00000000e+00 
 6.74302822e-03  1.51564276e-03  6.74302822e-03  5.00000000e+00 
 6.75302822e-03  1.49727133e-03  6.75302822e-03  5.00000000e+00 
 6.76302822e-03  1.47912259e-03  6.76302822e-03  5.00000000e+00 
 6.77302822e-03  1.46119383e-03  6.77302822e-03  5.00000000e+00 
 6.78302822e-03  1.44348239e-03  6.78302822e-03  5.00000000e+00 
 6.79302822e-03  1.42598563e-03  6.79302822e-03  5.00000000e+00 
 6.80302822e-03  1.40870096e-03  6.80302822e-03  5.00000000e+00 
 6.81302822e-03  1.39162580e-03  6.81302822e-03  5.00000000e+00 
 6.82302822e-03  1.37475761e-03  6.82302822e-03  5.00000000e+00 
 6.83302822e-03  1.35809388e-03  6.83302822e-03  5.00000000e+00 
 6.84302822e-03  1.34163213e-03  6.84302822e-03  5.00000000e+00 
 6.85302822e-03  1.32536992e-03  6.85302822e-03  5.00000000e+00 
 6.86302822e-03  1.30930483e-03  6.86302822e-03  5.00000000e+00 
 6.87302822e-03  1.29343447e-03  6.87302822e-03  5.00000000e+00 
 6.88302822e-03  1.27775648e-03  6.88302822e-03  5.00000000e+00 
 6.89302822e-03  1.26226852e-03  6.89302822e-03  5.00000000e+00 
 6.90302822e-03  1.24696830e-03  6.90302822e-03  5.00000000e+00 
 6.91302822e-03  1.23185353e-03  6.91302822e-03  5.00000000e+00 
 6.92302822e-03  1.21692197e-03  6.92302822e-03  5.00000000e+00 
 6.93302822e-03  1.20217140e-03  6.93302822e-03  5.00000000e+00 
 6.94302822e-03  1.18759963e-03  6.94302822e-03  5.00000000e+00 
 6.95302822e-03  1.17320448e-03  6.95302822e-03  5.00000000e+00 
 6.96302822e-03  1.15898382e-03  6.96302822e-03  5.00000000e+00 
 6.97302822e-03  1.14493553e-03  6.97302822e-03  5.00000000e+00 
 6.98302822e-03  1.13105753e-03  6.98302822e-03  5.00000000e+00 
 6.99302822e-03  1.11734774e-03  6.99302822e-03  5.00000000e+00 
 7.00302822e-03  1.10380413e-03  7.00302822e-03  5.00000000e+00 
 7.01302822e-03  1.09042468e-03  7.01302822e-03  5.00000000e+00 
 7.02302822e-03  1.07720742e-03  7.02302822e-03  5.00000000e+00 
 7.03302822e-03  1.06415036e-03  7.03302822e-03  5.00000000e+00 
 7.04302822e-03  1.05125156e-03  7.04302822e-03  5.00000000e+00 
 7.05302822e-03  1.03850912e-03  7.05302822e-03  5.00000000e+00 
 7.06302822e-03  1.02592113e-03  7.06302822e-03  5.00000000e+00 
 7.07302822e-03  1.01348572e-03  7.07302822e-03  5.00000000e+00 
 7.08302822e-03  1.00120105e-03  7.08302822e-03  5.00000000e+00 
 7.09302822e-03  9.89065278e-04  7.09302822e-03  5.00000000e+00 
 7.10302822e-03  9.77076608e-04  7.10302822e-03  5.00000000e+00 
 7.11302822e-03  9.65233255e-04  7.11302822e-03  5.00000000e+00 
 7.12302822e-03  9.53533458e-04  7.12302822e-03  5.00000000e+00 
 7.13302822e-03  9.41975477e-04  7.13302822e-03  5.00000000e+00 
 7.14302822e-03  9.30557593e-04  7.14302822e-03  5.00000000e+00 
 7.15302822e-03  9.19278107e-04  7.15302822e-03  5.00000000e+00 
 7.16302822e-03  9.08135342e-04  7.16302822e-03  5.00000000e+00 
 7.17302822e-03  8.97127641e-04  7.17302822e-03  5.00000000e+00 
 7.18302822e-03  8.86253366e-04  7.18302822e-03  5.00000000e+00 
 7.19302822e-03  8.75510901e-04  7.19302822e-03  5.00000000e+00 
 7.20302822e-03  8.64898648e-04  7.20302822e-03  5.00000000e+00 
 7.21302822e-03  8.54415028e-04  7.21302822e-03  5.00000000e+00 
 7.22302822e-03  8.44058482e-04  7.22302822e-03  5.00000000e+00 
 7.23302822e-03  8.33827470e-04  7.23302822e-03  5.00000000e+00 
 7.24302822e-03  8.23720470e-04  7.24302822e-03  5.00000000e+00 
 7.25302822e-03  8.13735980e-04  7.25302822e-03  5.00000000e+00 
 7.26302822e-03  8.03872513e-04  7.26302822e-03  5.00000000e+00 
 7.27302822e-03  7.94128604e-04  7.27302822e-03  5.00000000e+00 
 7.28302822e-03  7.84502803e-04  7.28302822e-03  5.00000000e+00 
 7.29302822e-03  7.74993678e-04  7.29302822e-03  5.00000000e+00 
 7.30302822e-03  7.65599815e-04  7.30302822e-03  5.00000000e+00 
 7.31302822e-03  7.56319818e-04  7.31302822e-03  5.00000000e+00 
 7.32302822e-03  7.47152305e-04  7.32302822e-03  5.00000000e+00 
 7.33302822e-03  7.38095913e-04  7.33302822e-03  5.00000000e+00 
 7.34302822e-03  7.29149296e-04  7.34302822e-03  5.00000000e+00 
 7.35302822e-03  7.20311123e-04  7.35302822e-03  5.00000000e+00 
 7.36302822e-03  7.11580079e-04  7.36302822e-03  5.00000000e+00 
 7.37302822e-03  7.02954866e-04  7.37302822e-03  5.00000000e+00 
 7.38302822e-03  6.94434201e-04  7.38302822e-03  5.00000000e+00 
 7.39302822e-03  6.86016816e-04  7.39302822e-03  5.00000000e+00 
 7.40302822e-03  6.77701461e-04  7.40302822e-03  5.00000000e+00 
 7.41302822e-03  6.69486898e-04  7.41302822e-03  5.00000000e+00 
 7.42302822e-03  6.61371905e-04  7.42302822e-03  5.00000000e+00 
 7.43302822e-03  6.53355276e-04  7.43302822e-03  5.00000000e+00 
 7.44302822e-03  6.45435818e-04  7.44302822e-03  5.00000000e+00 
 7.45302822e-03  6.37612354e-04  7.45302822e-03  5.00000000e+00 
 7.46302822e-03  6.29883719e-04  7.46302822e-03  5.00000000e+00 
 7.47302822e-03  6.22248765e-04  7.47302822e-03  5.00000000e+00 
 7.48302822e-03  6.14706356e-04  7.48302822e-03  5.00000000e+00 
 7.49302822e-03  6.07255369e-04  7.49302822e-03  5.00000000e+00 
 7.50302822e-03  5.99894698e-04  7.50302822e-03  5.00000000e+00 
 7.51302822e-03  5.92623247e-04  7.51302822e-03  5.00000000e+00 
 7.52302822e-03  5.85439935e-04  7.52302822e-03  5.00000000e+00 
 7.53302822e-03  5.78343694e-04  7.53302822e-03  5.00000000e+00 
 7.54302822e-03  5.71333467e-04  7.54302822e-03  5.00000000e+00 
 7.55302822e-03  5.64408213e-04  7.55302822e-03  5.00000000e+00 
 7.56302822e-03  5.57566901e-04  7.56302822e-03  5.00000000e+00 
 7.57302822e-03  5.50808515e-04  7.57302822e-03  5.00000000e+00 
 7.58302822e-03  5.44132048e-04  7.58302822e-03  5.00000000e+00 
 7.59302822e-03  5.37536508e-04  7.59302822e-03  5.00000000e+00 
 7.60302822e-03  5.31020914e-04  7.60302822e-03  5.00000000e+00 
 7.61302822e-03  5.24584297e-04  7.61302822e-03  5.00000000e+00 
 7.62302822e-03  5.18225699e-04  7.62302822e-03  5.00000000e+00 
 7.63302822e-03  5.11944175e-04  7.63302822e-03  5.00000000e+00 
 7.64302822e-03  5.05738791e-04  7.64302822e-03  5.00000000e+00 
 7.65302822e-03  4.99608624e-04  7.65302822e-03  5.00000000e+00 
 7.66302822e-03  4.93552762e-04  7.66302822e-03  5.00000000e+00 
 7.67302822e-03  4.87570304e-04  7.67302822e-03  5.00000000e+00 
 7.68302822e-03  4.81660361e-04  7.68302822e-03  5.00000000e+00 
 7.69302822e-03  4.75822054e-04  7.69302822e-03  5.00000000e+00 
 7.70302822e-03  4.70054514e-04  7.70302822e-03  5.00000000e+00 
 7.71302822e-03  4.64356883e-04  7.71302822e-03  5.00000000e+00 
 7.72302822e-03  4.58728315e-04  7.72302822e-03  5.00000000e+00 
 7.73302822e-03  4.53167972e-04  7.73302822e-03  5.00000000e+00 
 7.74302822e-03  4.47675027e-04  7.74302822e-03  5.00000000e+00 
 7.75302822e-03  4.42248663e-04  7.75302822e-03  5.00000000e+00 
 7.76302822e-03  4.36888073e-04  7.76302822e-03  5.00000000e+00 
 7.77302822e-03  4.31592460e-04  7.77302822e-03  5.00000000e+00 
 7.78302822e-03  4.26361036e-04  7.78302822e-03  5.00000000e+00 
 7.79302822e-03  4.21193024e-04  7.79302822e-03  5.00000000e+00 
 7.80302822e-03  4.16087654e-04  7.80302822e-03  5.00000000e+00 
 7.81302822e-03  4.11044167e-04  7.81302822e-03  5.00000000e+00 
 7.82302822e-03  4.06061813e-04  7.82302822e-03  5.00000000e+00 
 7.83302822e-03  4.01139852e-04  7.83302822e-03  5.00000000e+00 
 7.84302822e-03  3.96277551e-04  7.84302822e-03  5.00000000e+00 
 7.85302822e-03  3.91474187e-04  7.85302822e-03  5.00000000e+00 
 7.86302822e-03  3.86729045e-04  7.86302822e-03  5.00000000e+00 
 7.87302822e-03  3.82041420e-04  7.87302822e-03  5.00000000e+00 
 7.88302822e-03  3.77410615e-04  7.88302822e-03  5.00000000e+00 
 7.89302822e-03  3.72835941e-04  7.89302822e-03  5.00000000e+00 
 7.90302822e-03  3.68316717e-04  7.90302822e-03  5.00000000e+00 
 7.91302822e-03  3.63852272e-04  7.91302822e-03  5.00000000e+00 
 7.92302822e-03  3.59441942e-04  7.92302822e-03  5.00000000e+00 
 7.93302822e-03  3.55085070e-04  7.93302822e-03  5.00000000e+00 
 7.94302822e-03  3.50781008e-04  7.94302822e-03  5.00000000e+00 
 7.95302822e-03  3.46529117e-04  7.95302822e-03  5.00000000e+00 
 7.96302822e-03  3.42328764e-04  7.96302822e-03  5.00000000e+00 
 7.97302822e-03  3.38179325e-04  7.97302822e-03  5.00000000e+00 
 7.98302822e-03  3.34080181e-04  7.98302822e-03  5.00000000e+00 
 7.99302822e-03  3.30030725e-04  7.99302822e-03  5.00000000e+00 
 8.00302822e-03  3.26030352e-04  8.00302822e-03  5.00000000e+00 
 8.01302822e-03  3.22078469e-04  8.01302822e-03  5.00000000e+00 
 8.02302822e-03  3.18174488e-04  8.02302822e-03  5.00000000e+00 
 8.03302822e-03  3.14317827e-04  8.03302822e-03  5.00000000e+00 
 8.04302822e-03  3.10507914e-04  8.04302822e-03  5.00000000e+00 
 8.05302822e-03  3.06744182e-04  8.05302822e-03  5.00000000e+00 
 8.06302822e-03  3.03026071e-04  8.06302822e-03  5.00000000e+00 
 8.07302822e-03  2.99353027e-04  8.07302822e-03  5.00000000e+00 
 8.08302822e-03  2.95724506e-04  8.08302822e-03  5.00000000e+00 
 8.09302822e-03  2.92139966e-04  8.09302822e-03  5.00000000e+00 
 8.10000100e-03  2.89657667e-04  8.10000100e-03  4.99999999e+00 
 8.10000110e-03 -4.99710279e-01  8.10000110e-03  4.49999999e+00 
 8.10000130e-03 -1.49971003e+00  8.10000130e-03  3.50000000e+00 
 8.10000170e-03 -3.49970880e+00  8.10000170e-03  1.50000001e+00 
 8.10000200e-03 -4.99970725e+00  8.10000200e-03  0.00000000e+00 
 8.10000208e-03 -4.99970677e+00  8.10000208e-03  0.00000000e+00 
 8.10000224e-03 -4.99970579e+00  8.10000224e-03  0.00000000e+00 
 8.10000256e-03 -4.99970384e+00  8.10000256e-03  0.00000000e+00 
 8.10000320e-03 -4.99969994e+00  8.10000320e-03  0.00000000e+00 
 8.10000448e-03 -4.99969213e+00  8.10000448e-03  0.00000000e+00 
 8.10000704e-03 -4.99967652e+00  8.10000704e-03  0.00000000e+00 
 8.10001216e-03 -4.99964531e+00  8.10001216e-03  0.00000000e+00 
 8.10002240e-03 -4.99958287e+00  8.10002240e-03  0.00000000e+00 
 8.10004288e-03 -4.99945801e+00  8.10004288e-03  0.00000000e+00 
 8.10008384e-03 -4.99920828e+00  8.10008384e-03  0.00000000e+00 
 8.10016576e-03 -4.99870888e+00  8.10016576e-03  0.00000000e+00 
 8.10032960e-03 -4.99771021e+00  8.10032960e-03  0.00000000e+00 
 8.10065728e-03 -4.99571347e+00  8.10065728e-03  0.00000000e+00 
 8.10131264e-03 -4.99172240e+00  8.10131264e-03  0.00000000e+00 
 8.10262336e-03 -4.98374981e+00  8.10262336e-03  0.00000000e+00 
 8.10524480e-03 -4.96784279e+00  8.10524480e-03  0.00000000e+00 
 8.11048768e-03 -4.93618084e+00  8.11048768e-03  0.00000000e+00 
 8.12048768e-03 -4.87634834e+00  8.12048768e-03  0.00000000e+00 
 8.13048768e-03 -4.81724109e+00  8.13048768e-03  0.00000000e+00 
 8.14048768e-03 -4.75885029e+00  8.14048768e-03  0.00000000e+00 
 8.15048768e-03 -4.70116725e+00  8.15048768e-03  0.00000000e+00 
 8.16048768e-03 -4.64418341e+00  8.16048768e-03  0.00000000e+00 
 8.17048768e-03 -4.58789028e+00  8.17048768e-03  0.00000000e+00 
 8.18048768e-03 -4.53227949e+00  8.18048768e-03  0.00000000e+00 
 8.19048768e-03 -4.47734276e+00  8.19048768e-03  0.00000000e+00 
 8.20048768e-03 -4.42307194e+00  8.20048768e-03  0.00000000e+00 
 8.21048768e-03 -4.36945895e+00  8.21048768e-03  0.00000000e+00 
 8.22048768e-03 -4.31649581e+00  8.22048768e-03  0.00000000e+00 
 8.23048768e-03 -4.26417465e+00  8.23048768e-03  0.00000000e+00 
 8.24048768e-03 -4.21248768e+00  8.24048768e-03  0.00000000e+00 
 8.25048768e-03 -4.16142723e+00  8.25048768e-03  0.00000000e+00 
 8.26048768e-03 -4.11098568e+00  8.26048768e-03  0.00000000e+00 
 8.27048768e-03 -4.06115556e+00  8.27048768e-03  0.00000000e+00 
 8.28048768e-03 -4.01192943e+00  8.28048768e-03  0.00000000e+00 
 8.29048768e-03 -3.96329998e+00  8.29048768e-03  0.00000000e+00 
 8.30048768e-03 -3.91525998e+00  8.30048768e-03  0.00000000e+00 
 8.31048768e-03 -3.86780228e+00  8.31048768e-03  0.00000000e+00 
 8.32048768e-03 -3.82091983e+00  8.32048768e-03  0.00000000e+00 
 8.33048768e-03 -3.77460565e+00  8.33048768e-03  0.00000000e+00 
 8.34048768e-03 -3.72885286e+00  8.34048768e-03  0.00000000e+00 
 8.35048768e-03 -3.68365464e+00  8.35048768e-03  0.00000000e+00 
 8.36048768e-03 -3.63900428e+00  8.36048768e-03  0.00000000e+00 
 8.37048768e-03 -3.59489514e+00  8.37048768e-03  0.00000000e+00 
 8.38048768e-03 -3.55132065e+00  8.38048768e-03  0.00000000e+00 
 8.39048768e-03 -3.50827434e+00  8.39048768e-03  0.00000000e+00 
 8.40048768e-03 -3.46574980e+00  8.40048768e-03  0.00000000e+00 
 8.41048768e-03 -3.42374071e+00  8.41048768e-03  0.00000000e+00 
 8.42048768e-03 -3.38224083e+00  8.42048768e-03  0.00000000e+00 
 8.43048768e-03 -3.34124397e+00  8.43048768e-03  0.00000000e+00 
 8.44048768e-03 -3.30074404e+00  8.44048768e-03  0.00000000e+00 
 8.45048768e-03 -3.26073502e+00  8.45048768e-03  0.00000000e+00 
 8.46048768e-03 -3.22121096e+00  8.46048768e-03  0.00000000e+00 
 8.47048768e-03 -3.18216598e+00  8.47048768e-03  0.00000000e+00 
 8.48048768e-03 -3.14359427e+00  8.48048768e-03  0.00000000e+00 
 8.49048768e-03 -3.10549010e+00  8.49048768e-03  0.00000000e+00 
 8.50048768e-03 -3.06784779e+00  8.50048768e-03  0.00000000e+00 
 8.51048768e-03 -3.03066176e+00  8.51048768e-03  0.00000000e+00 
 8.52048768e-03 -2.99392647e+00  8.52048768e-03  0.00000000e+00 
 8.53048768e-03 -2.95763645e+00  8.53048768e-03  0.00000000e+00 
 8.54048768e-03 -2.92178631e+00  8.54048768e-03  0.00000000e+00 
 8.55048768e-03 -2.88637072e+00  8.55048768e-03  0.00000000e+00 
 8.56048768e-03 -2.85138441e+00  8.56048768e-03  0.00000000e+00 
 8.57048768e-03 -2.81682217e+00  8.57048768e-03  0.00000000e+00 
 8.58048768e-03 -2.78267887e+00  8.58048768e-03  0.00000000e+00 
 8.59048768e-03 -2.74894943e+00  8.59048768e-03  0.00000000e+00 
 8.60048768e-03 -2.71562883e+00  8.60048768e-03  0.00000000e+00 
 8.61048768e-03 -2.68271212e+00  8.61048768e-03  0.00000000e+00 
 8.62048768e-03 -2.65019440e+00  8.62048768e-03  0.00000000e+00 
 8.63048768e-03 -2.61807083e+00  8.63048768e-03  0.00000000e+00 
 8.64048768e-03 -2.58633664e+00  8.64048768e-03  0.00000000e+00 
 8.65048768e-03 -2.55498710e+00  8.65048768e-03  0.00000000e+00 
 8.66048768e-03 -2.52401756e+00  8.66048768e-03  0.00000000e+00 
 8.67048768e-03 -2.49342341e+00  8.67048768e-03  0.00000000e+00 
 8.68048768e-03 -2.46320009e+00  8.68048768e-03  0.00000000e+00 
 8.69048768e-03 -2.43334312e+00  8.69048768e-03  0.00000000e+00 
 8.70048768e-03 -2.40384806e+00  8.70048768e-03  0.00000000e+00 
 8.71048768e-03 -2.37471050e+00  8.71048768e-03  0.00000000e+00 
 8.72048768e-03 -2.34592613e+00  8.72048768e-03  0.00000000e+00 
 8.73048768e-03 -2.31749066e+00  8.73048768e-03  0.00000000e+00 
 8.74048768e-03 -2.28939987e+00  8.74048768e-03  0.00000000e+00 
 8.75048768e-03 -2.26164957e+00  8.75048768e-03  0.00000000e+00 
 8.76048768e-03 -2.23423563e+00  8.76048768e-03  0.00000000e+00 
 8.77048768e-03 -2.20715399e+00  8.77048768e-03  0.00000000e+00 
 8.78048768e-03 -2.18040061e+00  8.78048768e-03  0.00000000e+00 
 8.79048768e-03 -2.15397151e+00  8.79048768e-03  0.00000000e+00 
 8.80048768e-03 -2.12786276e+00  8.80048768e-03  0.00000000e+00 
 8.81048768e-03 -2.10207049e+00  8.81048768e-03  0.00000000e+00 
 8.82048768e-03 -2.07659085e+00  8.82048768e-03  0.00000000e+00 
 8.83048768e-03 -2.05142005e+00  8.83048768e-03  0.00000000e+00 
 8.84048768e-03 -2.02655435e+00  8.84048768e-03  0.00000000e+00 
 8.85048768e-03 -2.00199005e+00  8.85048768e-03  0.00000000e+00 
 8.86048768e-03 -1.97772351e+00  8.86048768e-03  0.00000000e+00 
 8.87048768e-03 -1.95375110e+00  8.87048768e-03  0.00000000e+00 
 8.88048768e-03 -1.93006927e+00  8.88048768e-03  0.00000000e+00 
 8.89048768e-03 -1.90667449e+00  8.89048768e-03  0.00000000e+00 
 8.90048768e-03 -1.88356329e+00  8.90048768e-03  0.00000000e+00 
 8.91048768e-03 -1.86073222e+00  8.91048768e-03  0.00000000e+00 
 8.92048768e-03 -1.83817789e+00  8.92048768e-03  0.00000000e+00 
 8.93048768e-03 -1.81589694e+00  8.93048768e-03  0.00000000e+00 
 8.94048768e-03 -1.79388607e+00  8.94048768e-03  0.00000000e+00 
 8.95048768e-03 -1.77214200e+00  8.95048768e-03  0.00000000e+00 
 8.96048768e-03 -1.75066149e+00  8.96048768e-03  0.00000000e+00 
 8.97048768e-03 -1.72944135e+00  8.97048768e-03  0.00000000e+00 
 8.98048768e-03 -1.70847842e+00  8.98048768e-03  0.00000000e+00 
 8.99048768e-03 -1.68776959e+00  8.99048768e-03  0.00000000e+00 
 9.00048768e-03 -1.66731178e+00  9.00048768e-03  0.00000000e+00 
 9.01048768e-03 -1.64710194e+00  9.01048768e-03  0.00000000e+00 
 9.02048768e-03 -1.62713707e+00  9.02048768e-03  0.00000000e+00 
 9.03048768e-03 -1.60741419e+00  9.03048768e-03  0.00000000e+00 
 9.04048768e-03 -1.58793039e+00  9.04048768e-03  0.00000000e+00 
 9.05048768e-03 -1.56868275e+00  9.05048768e-03  0.00000000e+00 
 9.06048768e-03 -1.54966841e+00  9.06048768e-03  0.00000000e+00 
 9.07048768e-03 -1.53088455e+00  9.07048768e-03  0.00000000e+00 
 9.08048768e-03 -1.51232837e+00  9.08048768e-03  0.00000000e+00 
 9.09048768e-03 -1.49399712e+00  9.09048768e-03  0.00000000e+00 
 9.10048768e-03 -1.47588806e+00  9.10048768e-03  0.00000000e+00 
 9.11048768e-03 -1.45799851e+00  9.11048768e-03  0.00000000e+00 
 9.12048768e-03 -1.44032580e+00  9.12048768e-03  0.00000000e+00 
 9.13048768e-03 -1.42286731e+00  9.13048768e-03  0.00000000e+00 
 9.14048768e-03 -1.40562043e+00  9.14048768e-03  0.00000000e+00 
 9.15048768e-03 -1.38858261e+00  9.15048768e-03  0.00000000e+00 
 9.16048768e-03 -1.37175130e+00  9.16048768e-03  0.00000000e+00 
 9.17048768e-03 -1.35512402e+00  9.17048768e-03  0.00000000e+00 
 9.18048768e-03 -1.33869827e+00  9.18048768e-03  0.00000000e+00 
 9.19048768e-03 -1.32247162e+00  9.19048768e-03  0.00000000e+00 
 9.20048768e-03 -1.30644166e+00  9.20048768e-03  0.00000000e+00 
 9.21048768e-03 -1.29060601e+00  9.21048768e-03  0.00000000e+00 
 9.22048768e-03 -1.27496230e+00  9.22048768e-03  0.00000000e+00 
 9.23048768e-03 -1.25950821e+00  9.23048768e-03  0.00000000e+00 
 9.24048768e-03 -1.24424144e+00  9.24048768e-03  0.00000000e+00 
 9.25048768e-03 -1.22915973e+00  9.25048768e-03  0.00000000e+00 
 9.26048768e-03 -1.21426082e+00  9.26048768e-03  0.00000000e+00 
 9.27048768e-03 -1.19954251e+00  9.27048768e-03  0.00000000e+00 
 9.28048768e-03 -1.18500260e+00  9.28048768e-03  0.00000000e+00 
 9.29048768e-03 -1.17063893e+00  9.29048768e-03  0.00000000e+00 
 9.30048768e-03 -1.15644937e+00  9.30048768e-03  0.00000000e+00 
 9.31048768e-03 -1.14243180e+00  9.31048768e-03  0.00000000e+00 
 9.32048768e-03 -1.12858414e+00  9.32048768e-03  0.00000000e+00 
 9.33048768e-03 -1.11490434e+00  9.33048768e-03  0.00000000e+00 
 9.34048768e-03 -1.10139034e+00  9.34048768e-03  0.00000000e+00 
 9.35048768e-03 -1.08804016e+00  9.35048768e-03  0.00000000e+00 
 9.36048768e-03 -1.07485179e+00  9.36048768e-03  0.00000000e+00 
 9.37048768e-03 -1.06182329e+00  9.37048768e-03  0.00000000e+00 
 9.38048768e-03 -1.04895270e+00  9.38048768e-03  0.00000000e+00 
 9.39048768e-03 -1.03623812e+00  9.39048768e-03  0.00000000e+00 
 9.40048768e-03 -1.02367766e+00  9.40048768e-03  0.00000000e+00 
 9.41048768e-03 -1.01126945e+00  9.41048768e-03  0.00000000e+00 
 9.42048768e-03 -9.99011636e-01  9.42048768e-03  0.00000000e+00 
 9.43048768e-03 -9.86902404e-01  9.43048768e-03  0.00000000e+00 
 9.44048768e-03 -9.74939950e-01  9.44048768e-03  0.00000000e+00 
 9.45048768e-03 -9.63122496e-01  9.45048768e-03  0.00000000e+00 
 9.46048768e-03 -9.51448284e-01  9.46048768e-03  0.00000000e+00 
 9.47048768e-03 -9.39915578e-01  9.47048768e-03  0.00000000e+00 
 9.48048768e-03 -9.28522662e-01  9.48048768e-03  0.00000000e+00 
 9.49048768e-03 -9.17267842e-01  9.49048768e-03  0.00000000e+00 
 9.50048768e-03 -9.06149443e-01  9.50048768e-03  0.00000000e+00 
 9.51048768e-03 -8.95165814e-01  9.51048768e-03  0.00000000e+00 
 9.52048768e-03 -8.84315319e-01  9.52048768e-03  0.00000000e+00 
 9.53048768e-03 -8.73596346e-01  9.53048768e-03  0.00000000e+00 
 9.54048768e-03 -8.63007299e-01  9.54048768e-03  0.00000000e+00 
 9.55048768e-03 -8.52546604e-01  9.55048768e-03  0.00000000e+00 
 9.56048768e-03 -8.42212706e-01  9.56048768e-03  0.00000000e+00 
 9.57048768e-03 -8.32004067e-01  9.57048768e-03  0.00000000e+00 
 9.58048768e-03 -8.21919170e-01  9.58048768e-03  0.00000000e+00 
 9.59048768e-03 -8.11956513e-01  9.59048768e-03  0.00000000e+00 
 9.60048768e-03 -8.02114616e-01  9.60048768e-03  0.00000000e+00 
 9.61048768e-03 -7.92392014e-01  9.61048768e-03  0.00000000e+00 
 9.62048768e-03 -7.82787263e-01  9.62048768e-03  0.00000000e+00 
 9.63048768e-03 -7.73298932e-01  9.63048768e-03  0.00000000e+00 
 9.64048768e-03 -7.63925612e-01  9.64048768e-03  0.00000000e+00 
 9.65048768e-03 -7.54665908e-01  9.65048768e-03  0.00000000e+00 
 9.66048768e-03 -7.45518442e-01  9.66048768e-03  0.00000000e+00 
 9.67048768e-03 -7.36481855e-01  9.67048768e-03  0.00000000e+00 
 9.68048768e-03 -7.27554802e-01  9.68048768e-03  0.00000000e+00 
 9.69048768e-03 -7.18735956e-01  9.69048768e-03  0.00000000e+00 
 9.70048768e-03 -7.10024005e-01  9.70048768e-03  0.00000000e+00 
 9.71048768e-03 -7.01417653e-01  9.71048768e-03  0.00000000e+00 
 9.72048768e-03 -6.92915621e-01  9.72048768e-03  0.00000000e+00 
 9.73048768e-03 -6.84516644e-01  9.73048768e-03  0.00000000e+00 
 9.74048768e-03 -6.76219473e-01  9.74048768e-03  0.00000000e+00 
 9.75048768e-03 -6.68022873e-01  9.75048768e-03  0.00000000e+00 
 9.76048768e-03 -6.59925626e-01  9.76048768e-03  0.00000000e+00 
 9.77048768e-03 -6.51926527e-01  9.77048768e-03  0.00000000e+00 
 9.78048768e-03 -6.44024388e-01  9.78048768e-03  0.00000000e+00 
 9.79048768e-03 -6.36218031e-01  9.79048768e-03  0.00000000e+00 
 9.80048768e-03 -6.28506298e-01  9.80048768e-03  0.00000000e+00 
 9.81048768e-03 -6.20888040e-01  9.81048768e-03  0.00000000e+00 
 9.82048768e-03 -6.13362124e-01  9.82048768e-03  0.00000000e+00 
 9.83048768e-03 -6.05927432e-01  9.83048768e-03  0.00000000e+00 
 9.84048768e-03 -5.98582857e-01  9.84048768e-03  0.00000000e+00 
 9.85048768e-03 -5.91327307e-01  9.85048768e-03  0.00000000e+00 
 9.86048768e-03 -5.84159703e-01  9.86048768e-03  0.00000000e+00 
 9.87048768e-03 -5.77078979e-01  9.87048768e-03  0.00000000e+00 
 9.88048768e-03 -5.70084083e-01  9.88048768e-03  0.00000000e+00 
 9.89048768e-03 -5.63173973e-01  9.89048768e-03  0.00000000e+00 
 9.90048768e-03 -5.56347621e-01  9.90048768e-03  0.00000000e+00 
 9.91048768e-03 -5.49604014e-01  9.91048768e-03  0.00000000e+00 
 9.92048768e-03 -5.42942147e-01  9.92048768e-03  0.00000000e+00 
 9.93048768e-03 -5.36361030e-01  9.93048768e-03  0.00000000e+00 
 9.94048768e-03 -5.29859684e-01  9.94048768e-03  0.00000000e+00 
 9.95048768e-03 -5.23437143e-01  9.95048768e-03  0.00000000e+00 
 9.96048768e-03 -5.17092450e-01  9.96048768e-03  0.00000000e+00 
 9.97048768e-03 -5.10824663e-01  9.97048768e-03  0.00000000e+00 
 9.98048768e-03 -5.04632849e-01  9.98048768e-03  0.00000000e+00 
 9.99048768e-03 -4.98516087e-01  9.99048768e-03  0.00000000e+00 
 1.00004877e-02 -4.92473468e-01  1.00004877e-02  0.00000000e+00 
 1.00104877e-02 -4.86504092e-01  1.00104877e-02  0.00000000e+00 
 1.00204877e-02 -4.80607073e-01  1.00204877e-02  0.00000000e+00 
 1.00304877e-02 -4.74781533e-01  1.00304877e-02  0.00000000e+00 
 1.00404877e-02 -4.69026605e-01  1.00404877e-02  0.00000000e+00 
 1.00504877e-02 -4.63341434e-01  1.00504877e-02  0.00000000e+00 
 1.00604877e-02 -4.57725174e-01  1.00604877e-02  0.00000000e+00 
 1.00704877e-02 -4.52176990e-01  1.00704877e-02  0.00000000e+00 
 1.00804877e-02 -4.46696057e-01  1.00804877e-02  0.00000000e+00 
 1.00904877e-02 -4.41281559e-01  1.00904877e-02  0.00000000e+00 
 1.01004877e-02 -4.35932692e-01  1.01004877e-02  0.00000000e+00 
 1.01104877e-02 -4.30648659e-01  1.01104877e-02  0.00000000e+00 
 1.01204877e-02 -4.25428676e-01  1.01204877e-02  0.00000000e+00 
 1.01304877e-02 -4.20271964e-01  1.01304877e-02  0.00000000e+00 
 1.01404877e-02 -4.15177759e-01  1.01404877e-02  0.00000000e+00 
 1.01504877e-02 -4.10145301e-01  1.01504877e-02  0.00000000e+00 
 1.01604877e-02 -4.05173843e-01  1.01604877e-02  0.00000000e+00 
 1.01704877e-02 -4.00262645e-01  1.01704877e-02  0.00000000e+00 
 1.01804877e-02 -3.95410976e-01  1.01804877e-02  0.00000000e+00 
 1.01904877e-02 -3.90618116e-01  1.01904877e-02  0.00000000e+00 
 1.02004877e-02 -3.85883351e-01  1.02004877e-02  0.00000000e+00 
 1.02104877e-02 -3.81205977e-01  1.02104877e-02  0.00000000e+00 
 1.02204877e-02 -3.76585299e-01  1.02204877e-02  0.00000000e+00 
 1.02304877e-02 -3.72020628e-01  1.02304877e-02  0.00000000e+00 
 1.02404877e-02 -3.67511287e-01  1.02404877e-02  0.00000000e+00 
 1.02504877e-02 -3.63056605e-01  1.02504877e-02  0.00000000e+00 
 1.02604877e-02 -3.58655919e-01  1.02604877e-02  0.00000000e+00 
 1.02704877e-02 -3.54308575e-01  1.02704877e-02  0.00000000e+00 
 1.02804877e-02 -3.50013925e-01  1.02804877e-02  0.00000000e+00 
 1.02904877e-02 -3.45771332e-01  1.02904877e-02  0.00000000e+00 
 1.03004877e-02 -3.41580164e-01  1.03004877e-02  0.00000000e+00 
 1.03104877e-02 -3.37439799e-01  1.03104877e-02  0.00000000e+00 
 1.03204877e-02 -3.33349619e-01  1.03204877e-02  0.00000000e+00 
 1.03304877e-02 -3.29309018e-01  1.03304877e-02  0.00000000e+00 
 1.03404877e-02 -3.25317394e-01  1.03404877e-02  0.00000000e+00 
 1.03504877e-02 -3.21374152e-01  1.03504877e-02  0.00000000e+00 
 1.03604877e-02 -3.17478708e-01  1.03604877e-02  0.00000000e+00 
 1.03704877e-02 -3.13630481e-01  1.03704877e-02  0.00000000e+00 
 1.03804877e-02 -3.09828900e-01  1.03804877e-02  0.00000000e+00 
 1.03904877e-02 -3.06073398e-01  1.03904877e-02  0.00000000e+00 
 1.04004877e-02 -3.02363417e-01  1.04004877e-02  0.00000000e+00 
 1.04104877e-02 -2.98698406e-01  1.04104877e-02  0.00000000e+00 
 1.04204877e-02 -2.95077820e-01  1.04204877e-02  0.00000000e+00 
 1.04304877e-02 -2.91501119e-01  1.04304877e-02  0.00000000e+00 
 1.04404877e-02 -2.87967772e-01  1.04404877e-02  0.00000000e+00 
 1.04504877e-02 -2.84477253e-01  1.04504877e-02  0.00000000e+00 
 1.04604877e-02 -2.81029044e-01  1.04604877e-02  0.00000000e+00 
 1.04704877e-02 -2.77622632e-01  1.04704877e-02  0.00000000e+00 
 1.04804877e-02 -2.74257509e-01  1.04804877e-02  0.00000000e+00 
 1.04904877e-02 -2.70933175e-01  1.04904877e-02  0.00000000e+00 
 1.05004877e-02 -2.67649137e-01  1.05004877e-02  0.00000000e+00 
 1.05104877e-02 -2.64404905e-01  1.05104877e-02  0.00000000e+00 
 1.05204877e-02 -2.61199997e-01  1.05204877e-02  0.00000000e+00 
 1.05304877e-02 -2.58033936e-01  1.05304877e-02  0.00000000e+00 
 1.05404877e-02 -2.54906252e-01  1.05404877e-02  0.00000000e+00 
 1.05504877e-02 -2.51816480e-01  1.05504877e-02  0.00000000e+00 
 1.05604877e-02 -2.48764159e-01  1.05604877e-02  0.00000000e+00 
 1.05704877e-02 -2.45748835e-01  1.05704877e-02  0.00000000e+00 
 1.05804877e-02 -2.42770062e-01  1.05804877e-02  0.00000000e+00 
 1.05904877e-02 -2.39827394e-01  1.05904877e-02  0.00000000e+00 
 1.06004877e-02 -2.36920396e-01  1.06004877e-02  0.00000000e+00 
 1.06104877e-02 -2.34048633e-01  1.06104877e-02  0.00000000e+00 
 1.06204877e-02 -2.31211680e-01  1.06204877e-02  0.00000000e+00 
 1.06304877e-02 -2.28409114e-01  1.06304877e-02  0.00000000e+00 
 1.06404877e-02 -2.25640519e-01  1.06404877e-02  0.00000000e+00 
 1.06504877e-02 -2.22905482e-01  1.06504877e-02  0.00000000e+00 
 1.06604877e-02 -2.20203598e-01  1.06604877e-02  0.00000000e+00 
 1.06704877e-02 -2.17534463e-01  1.06704877e-02  0.00000000e+00 
 1.06804877e-02 -2.14897682e-01  1.06804877e-02  0.00000000e+00 
 1.06904877e-02 -2.12292861e-01  1.06904877e-02  0.00000000e+00 
 1.07004877e-02 -2.09719615e-01  1.07004877e-02  0.00000000e+00 
 1.07104877e-02 -2.07177559e-01  1.07104877e-02  0.00000000e+00 
 1.07204877e-02 -2.04666315e-01  1.07204877e-02  0.00000000e+00 
 1.07304877e-02 -2.02185512e-01  1.07304877e-02  0.00000000e+00 
 1.07404877e-02 -1.99734778e-01  1.07404877e-02  0.00000000e+00 
 1.07504877e-02 -1.97313751e-01  1.07504877e-02  0.00000000e+00 
 1.07604877e-02 -1.94922069e-01  1.07604877e-02  0.00000000e+00 
 1.07704877e-02 -1.92559377e-01  1.07704877e-02  0.00000000e+00 
 1.07804877e-02 -1.90225324e-01  1.07804877e-02  0.00000000e+00 
 1.07904877e-02 -1.87919562e-01  1.07904877e-02  0.00000000e+00 
 1.08004877e-02 -1.85641750e-01  1.08004877e-02  0.00000000e+00 
 1.08104877e-02 -1.83391547e-01  1.08104877e-02  0.00000000e+00 
 1.08204877e-02 -1.81168619e-01  1.08204877e-02  0.00000000e+00 
 1.08304877e-02 -1.78972635e-01  1.08304877e-02  0.00000000e+00 
 1.08404877e-02 -1.76803270e-01  1.08404877e-02  0.00000000e+00 
 1.08504877e-02 -1.74660200e-01  1.08504877e-02  0.00000000e+00 
 1.08604877e-02 -1.72543107e-01  1.08604877e-02  0.00000000e+00 
 1.08704877e-02 -1.70451675e-01  1.08704877e-02  0.00000000e+00 
 1.08804877e-02 -1.68385594e-01  1.08804877e-02  0.00000000e+00 
 1.08904877e-02 -1.66344557e-01  1.08904877e-02  0.00000000e+00 
 1.09004877e-02 -1.64328259e-01  1.09004877e-02  0.00000000e+00 
 1.09104877e-02 -1.62336402e-01  1.09104877e-02  0.00000000e+00 
 1.09204877e-02 -1.60368688e-01  1.09204877e-02  0.00000000e+00 
 1.09304877e-02 -1.58424825e-01  1.09304877e-02  0.00000000e+00 
 1.09404877e-02 -1.56504524e-01  1.09404877e-02  0.00000000e+00 
 1.09504877e-02 -1.54607499e-01  1.09504877e-02  0.00000000e+00 
 1.09604877e-02 -1.52733469e-01  1.09604877e-02  0.00000000e+00 
 1.09704877e-02 -1.50882154e-01  1.09704877e-02  0.00000000e+00 
 1.09804877e-02 -1.49053280e-01  1.09804877e-02  0.00000000e+00 
 1.09904877e-02 -1.47246573e-01  1.09904877e-02  0.00000000e+00 
 1.10004877e-02 -1.45461766e-01  1.10004877e-02  0.00000000e+00 
 1.10104877e-02 -1.43698593e-01  1.10104877e-02  0.00000000e+00 
 1.10204877e-02 -1.41956792e-01  1.10204877e-02  0.00000000e+00 
 1.10304877e-02 -1.40236104e-01  1.10304877e-02  0.00000000e+00 
 1.10404877e-02 -1.38536272e-01  1.10404877e-02  0.00000000e+00 
 1.10504877e-02 -1.36857045e-01  1.10504877e-02  0.00000000e+00 
 1.10604877e-02 -1.35198171e-01  1.10604877e-02  0.00000000e+00 
 1.10704877e-02 -1.33559406e-01  1.10704877e-02  0.00000000e+00 
 1.10804877e-02 -1.31940504e-01  1.10804877e-02  0.00000000e+00 
 1.10904877e-02 -1.30341225e-01  1.10904877e-02  0.00000000e+00 
 1.11004877e-02 -1.28761331e-01  1.11004877e-02  0.00000000e+00 
 1.11104877e-02 -1.27200588e-01  1.11104877e-02  0.00000000e+00 
 1.11204877e-02 -1.25658763e-01  1.11204877e-02  0.00000000e+00 
 1.11304877e-02 -1.24135626e-01  1.11304877e-02  0.00000000e+00 
 1.11404877e-02 -1.22630952e-01  1.11404877e-02  0.00000000e+00 
 1.11504877e-02 -1.21144516e-01  1.11504877e-02  0.00000000e+00 
 1.11604877e-02 -1.19676098e-01  1.11604877e-02  0.00000000e+00 
 1.11704877e-02 -1.18225478e-01  1.11704877e-02  0.00000000e+00 
 1.11804877e-02 -1.16792442e-01  1.11804877e-02  0.00000000e+00 
 1.11904877e-02 -1.15376776e-01  1.11904877e-02  0.00000000e+00 
 1.12004877e-02 -1.13978270e-01  1.12004877e-02  0.00000000e+00 
 1.12104877e-02 -1.12596715e-01  1.12104877e-02  0.00000000e+00 
 1.12204877e-02 -1.11231906e-01  1.12204877e-02  0.00000000e+00 
 1.12304877e-02 -1.09883641e-01  1.12304877e-02  0.00000000e+00 
 1.12404877e-02 -1.08551718e-01  1.12404877e-02  0.00000000e+00 
 1.12504877e-02 -1.07235940e-01  1.12504877e-02  0.00000000e+00 
 1.12604877e-02 -1.05936110e-01  1.12604877e-02  0.00000000e+00 
 1.12704877e-02 -1.04652036e-01  1.12704877e-02  0.00000000e+00 
 1.12804877e-02 -1.03383526e-01  1.12804877e-02  0.00000000e+00 
 1.12904877e-02 -1.02130393e-01  1.12904877e-02  0.00000000e+00 
 1.13004877e-02 -1.00892449e-01  1.13004877e-02  0.00000000e+00 
 1.13104877e-02 -9.96695098e-02  1.13104877e-02  0.00000000e+00 
 1.13204877e-02 -9.84613946e-02  1.13204877e-02  0.00000000e+00 
 1.13304877e-02 -9.72679231e-02  1.13304877e-02  0.00000000e+00 
 1.13404877e-02 -9.60889180e-02  1.13404877e-02  0.00000000e+00 
 1.13504877e-02 -9.49242038e-02  1.13504877e-02  0.00000000e+00 
 1.13604877e-02 -9.37736074e-02  1.13604877e-02  0.00000000e+00 
 1.13704877e-02 -9.26369576e-02  1.13704877e-02  0.00000000e+00 
 1.13804877e-02 -9.15140854e-02  1.13804877e-02  0.00000000e+00 
 1.13904877e-02 -9.04048238e-02  1.13904877e-02  0.00000000e+00 
 1.14004877e-02 -8.93090077e-02  1.14004877e-02  0.00000000e+00 
 1.14104877e-02 -8.82264743e-02  1.14104877e-02  0.00000000e+00 
 1.14204877e-02 -8.71570625e-02  1.14204877e-02  0.00000000e+00 
 1.14304877e-02 -8.61006133e-02  1.14304877e-02  0.00000000e+00 
 1.14404877e-02 -8.50569695e-02  1.14404877e-02  0.00000000e+00 
 1.14504877e-02 -8.40259759e-02  1.14504877e-02  0.00000000e+00 
 1.14604877e-02 -8.30074792e-02  1.14604877e-02  0.00000000e+00 
 1.14704877e-02 -8.20013279e-02  1.14704877e-02  0.00000000e+00 
 1.14804877e-02 -8.10073725e-02  1.14804877e-02  0.00000000e+00 
 1.14904877e-02 -8.00254649e-02  1.14904877e-02  0.00000000e+00 
 1.15004877e-02 -7.90554593e-02  1.15004877e-02  0.00000000e+00 
 1.15104877e-02 -7.80972113e-02  1.15104877e-02  0.00000000e+00 
 1.15204877e-02 -7.71505784e-02  1.15204877e-02  0.00000000e+00 
 1.15304877e-02 -7.62154199e-02  1.15304877e-02  0.00000000e+00 
 1.15404877e-02 -7.52915966e-02  1.15404877e-02  0.00000000e+00 
 1.15504877e-02 -7.43789712e-02  1.15504877e-02  0.00000000e+00 
 1.15604877e-02 -7.34774079e-02  1.15604877e-02  0.00000000e+00 
 1.15704877e-02 -7.25867727e-02  1.15704877e-02  0.00000000e+00 
 1.15804877e-02 -7.17069330e-02  1.15804877e-02  0.00000000e+00 
 1.15904877e-02 -7.08377581e-02  1.15904877e-02  0.00000000e+00 
 1.16004877e-02 -6.99791186e-02  1.16004877e-02  0.00000000e+00 
 1.16104877e-02 -6.91308868e-02  1.16104877e-02  0.00000000e+00 
 1.16204877e-02 -6.82929367e-02  1.16204877e-02  0.00000000e+00 
 1.16304877e-02 -6.74651435e-02  1.16304877e-02  0.00000000e+00 
 1.16404877e-02 -6.66473842e-02  1.16404877e-02  0.00000000e+00 
 1.16504877e-02 -6.58395371e-02  1.16504877e-02  0.00000000e+00 
 1.16604877e-02 -6.50414821e-02  1.16604877e-02  0.00000000e+00 
 1.16704877e-02 -6.42531005e-02  1.16704877e-02  0.00000000e+00 
 1.16804877e-02 -6.34742751e-02  1.16804877e-02  0.00000000e+00 
 1.16904877e-02 -6.27048899e-02  1.16904877e-02  0.00000000e+00 
 1.17004877e-02 -6.19448306e-02  1.17004877e-02  0.00000000e+00 
 1.17104877e-02 -6.11939842e-02  1.17104877e-02  0.00000000e+00 
 1.17204877e-02 -6.04522389e-02  1.17204877e-02  0.00000000e+00 
 1.17304877e-02 -5.97194845e-02  1.17304877e-02  0.00000000e+00 
 1.17404877e-02 -5.89956120e-02  1.17404877e-02  0.00000000e+00 
 1.17504877e-02 -5.82805137e-02  1.17504877e-02  0.00000000e+00 
 1.17604877e-02 -5.75740832e-02  1.17604877e-02  0.00000000e+00 
 1.17704877e-02 -5.68762155e-02  1.17704877e-02  0.00000000e+00 
 1.17804877e-02 -5.61868068e-02  1.17804877e-02  0.00000000e+00 
 1.17904877e-02 -5.55057546e-02  1.17904877e-02  0.00000000e+00 
 1.18004877e-02 -5.48329576e-02  1.18004877e-02  0.00000000e+00 
 1.18104877e-02 -5.41683157e-02  1.18104877e-02  0.00000000e+00 
 1.18204877e-02 -5.35117301e-02  1.18204877e-02  0.00000000e+00 
 1.18304877e-02 -5.28631030e-02  1.18304877e-02  0.00000000e+00 
 1.18404877e-02 -5.22223381e-02  1.18404877e-02  0.00000000e+00 
 1.18504877e-02 -5.15893401e-02  1.18504877e-02  0.00000000e+00 
 1.18604877e-02 -5.09640148e-02  1.18604877e-02  0.00000000e+00 
 1.18704877e-02 -5.03462691e-02  1.18704877e-02  0.00000000e+00 
 1.18804877e-02 -4.97360113e-02  1.18804877e-02  0.00000000e+00 
 1.18904877e-02 -4.91331506e-02  1.18904877e-02  0.00000000e+00 
 1.19004877e-02 -4.85375972e-02  1.19004877e-02  0.00000000e+00 
 1.19104877e-02 -4.79492627e-02  1.19104877e-02  0.00000000e+00 
 1.19204877e-02 -4.73680596e-02  1.19204877e-02  0.00000000e+00 
 1.19304877e-02 -4.67939013e-02  1.19304877e-02  0.00000000e+00 
 1.19404877e-02 -4.62267024e-02  1.19404877e-02  0.00000000e+00 
 1.19504877e-02 -4.56663788e-02  1.19504877e-02  0.00000000e+00 
 1.19604877e-02 -4.51128469e-02  1.19604877e-02  0.00000000e+00 
 1.19704877e-02 -4.45660245e-02  1.19704877e-02  0.00000000e+00 
 1.19804877e-02 -4.40258303e-02  1.19804877e-02  0.00000000e+00 
 1.19904877e-02 -4.34921839e-02  1.19904877e-02  0.00000000e+00 
 1.20000000e-02 -4.29905670e-02  1.20000000e-02  0.00000000e+00 
