 0.00000000e+00  0.00000000e+00  0.00000000e+00  0.00000000e+00 
 1.00000000e-07  0.00000000e+00  1.00000000e-07  0.00000000e+00 
 2.00000000e-07  0.00000000e+00  2.00000000e-07  0.00000000e+00 
 4.00000000e-07  0.00000000e+00  4.00000000e-07  0.00000000e+00 
 8.00000000e-07  0.00000000e+00  8.00000000e-07  0.00000000e+00 
 1.60000000e-06  0.00000000e+00  1.60000000e-06  0.00000000e+00 
 3.20000000e-06  0.00000000e+00  3.20000000e-06  0.00000000e+00 
 6.40000000e-06  0.00000000e+00  6.40000000e-06  0.00000000e+00 
 1.28000000e-05  0.00000000e+00  1.28000000e-05  0.00000000e+00 
 2.28000000e-05  0.00000000e+00  2.28000000e-05  0.00000000e+00 
 3.28000000e-05  0.00000000e+00  3.28000000e-05  0.00000000e+00 
 4.28000000e-05  0.00000000e+00  4.28000000e-05  0.00000000e+00 
 5.28000000e-05  0.00000000e+00  5.28000000e-05  0.00000000e+00 
 6.28000000e-05  0.00000000e+00  6.28000000e-05  0.00000000e+00 
 7.28000000e-05  0.00000000e+00  7.28000000e-05  0.00000000e+00 
 8.28000000e-05  0.00000000e+00  8.28000000e-05  0.00000000e+00 
 9.28000000e-05  0.00000000e+00  9.28000000e-05  0.00000000e+00 
 1.00000000e-04  0.00000000e+00  1.00000000e-04  0.00000000e+00 
 1.00000100e-04  4.99999939e-01  1.00000100e-04  5.00000000e-01 
 1.00000300e-04  1.49999970e+00  1.00000300e-04  1.50000000e+00 
 1.00000700e-04  3.49999848e+00  1.00000700e-04  3.50000000e+00 
 1.00001000e-04  4.99999692e+00  1.00001000e-04  5.00000000e+00 
 1.00001050e-04  4.99999662e+00  1.00001050e-04  5.00000000e+00 
 1.00001149e-04  4.99999601e+00  1.00001149e-04  5.00000000e+00 
 1.00001348e-04  4.99999480e+00  1.00001348e-04  5.00000000e+00 
 1.00001745e-04  4.99999238e+00  1.00001745e-04  5.00000000e+00 
 1.00002541e-04  4.99998753e+00  1.00002541e-04  5.00000000e+00 
 1.00004131e-04  4.99997783e+00  1.00004131e-04  5.00000000e+00 
 1.00007311e-04  4.99995844e+00  1.00007311e-04  5.00000000e+00 
 1.00013672e-04  4.99991965e+00  1.00013672e-04  5.00000000e+00 
 1.00026394e-04  4.99984208e+00  1.00026394e-04  5.00000000e+00 
 1.00051838e-04  4.99968694e+00  1.00051838e-04  5.00000000e+00 
 1.00102726e-04  4.99937668e+00  1.00102726e-04  5.00000000e+00 
 1.00204501e-04  4.99875621e+00  1.00204501e-04  5.00000000e+00 
 1.00408052e-04  4.99751551e+00  1.00408052e-04  5.00000000e+00 
 1.00815155e-04  4.99503503e+00  1.00815155e-04  5.00000000e+00 
 1.01629359e-04  4.99007776e+00  1.01629359e-04  5.00000000e+00 
 1.03257768e-04  4.98017797e+00  1.03257768e-04  5.00000000e+00 
 1.06514585e-04  4.96043726e+00  1.06514585e-04  5.00000000e+00 
 1.13028220e-04  4.92119012e+00  1.13028220e-04  5.00000000e+00 
 1.23028220e-04  4.86153933e+00  1.23028220e-04  5.00000000e+00 
 1.33028220e-04  4.80261158e+00  1.33028220e-04  5.00000000e+00 
 1.43028220e-04  4.74439811e+00  1.43028220e-04  5.00000000e+00 
 1.53028220e-04  4.68689025e+00  1.53028220e-04  5.00000000e+00 
 1.63028220e-04  4.63007946e+00  1.63028220e-04  5.00000000e+00 
 1.73028220e-04  4.57395728e+00  1.73028220e-04  5.00000000e+00 
 1.83028220e-04  4.51851538e+00  1.83028220e-04  5.00000000e+00 
 1.93028220e-04  4.46374550e+00  1.93028220e-04  5.00000000e+00 
 2.03028220e-04  4.40963949e+00  2.03028220e-04  5.00000000e+00 
 2.13028220e-04  4.35618931e+00  2.13028220e-04  5.00000000e+00 
 2.23028220e-04  4.30338702e+00  2.23028220e-04  5.00000000e+00 
 2.33028220e-04  4.25122475e+00  2.33028220e-04  5.00000000e+00 
 2.43028220e-04  4.19969475e+00  2.43028220e-04  5.00000000e+00 
 2.53028220e-04  4.14878936e+00  2.53028220e-04  5.00000000e+00 
 2.63028220e-04  4.09850101e+00  2.63028220e-04  5.00000000e+00 
 2.73028220e-04  4.04882221e+00  2.73028220e-04  5.00000000e+00 
 2.83028220e-04  3.99974558e+00  2.83028220e-04  5.00000000e+00 
 2.93028220e-04  3.95126381e+00  2.93028220e-04  5.00000000e+00 
 3.03028220e-04  3.90336970e+00  3.03028220e-04  5.00000000e+00 
 3.13028220e-04  3.85605613e+00  3.13028220e-04  5.00000000e+00 
 3.23028220e-04  3.80931606e+00  3.23028220e-04  5.00000000e+00 
 3.33028220e-04  3.76314253e+00  3.33028220e-04  5.00000000e+00 
 3.43028220e-04  3.71752868e+00  3.43028220e-04  5.00000000e+00 
 3.53028220e-04  3.67246773e+00  3.53028220e-04  5.00000000e+00 
 3.63028220e-04  3.62795297e+00  3.63028220e-04  5.00000000e+00 
 3.73028220e-04  3.58397778e+00  3.73028220e-04  5.00000000e+00 
 3.83028220e-04  3.54053562e+00  3.83028220e-04  5.00000000e+00 
 3.93028220e-04  3.49762004e+00  3.93028220e-04  5.00000000e+00 
 4.03028220e-04  3.45522465e+00  4.03028220e-04  5.00000000e+00 
 4.13028220e-04  3.41334314e+00  4.13028220e-04  5.00000000e+00 
 4.23028220e-04  3.37196928e+00  4.23028220e-04  5.00000000e+00 
 4.33028220e-04  3.33109692e+00  4.33028220e-04  5.00000000e+00 
 4.43028220e-04  3.29071999e+00  4.43028220e-04  5.00000000e+00 
 4.53028220e-04  3.25083248e+00  4.53028220e-04  5.00000000e+00 
 4.63028220e-04  3.21142845e+00  4.63028220e-04  5.00000000e+00 
 4.73028220e-04  3.17250204e+00  4.73028220e-04  5.00000000e+00 
 4.83028220e-04  3.13404747e+00  4.83028220e-04  5.00000000e+00 
 4.93028220e-04  3.09605902e+00  4.93028220e-04  5.00000000e+00 
 5.03028220e-04  3.05853103e+00  5.03028220e-04  5.00000000e+00 
 5.13028220e-04  3.02145793e+00  5.13028220e-04  5.00000000e+00 
 5.23028220e-04  2.98483419e+00  5.23028220e-04  5.00000000e+00 
 5.33028220e-04  2.94865438e+00  5.33028220e-04  5.00000000e+00 
 5.43028220e-04  2.91291312e+00  5.43028220e-04  5.00000000e+00 
 5.53028220e-04  2.87760508e+00  5.53028220e-04  5.00000000e+00 
 5.63028220e-04  2.84272502e+00  5.63028220e-04  5.00000000e+00 
 5.73028220e-04  2.80826775e+00  5.73028220e-04  5.00000000e+00 
 5.83028220e-04  2.77422814e+00  5.83028220e-04  5.00000000e+00 
 5.93028220e-04  2.74060113e+00  5.93028220e-04  5.00000000e+00 
 6.03028220e-04  2.70738172e+00  6.03028220e-04  5.00000000e+00 
 6.13028220e-04  2.67456497e+00  6.13028220e-04  5.00000000e+00 
 6.23028220e-04  2.64214601e+00  6.23028220e-04  5.00000000e+00 
 6.33028220e-04  2.61011999e+00  6.33028220e-04  5.00000000e+00 
 6.43028220e-04  2.57848217e+00  6.43028220e-04  5.00000000e+00 
 6.53028220e-04  2.54722785e+00  6.53028220e-04  5.00000000e+00 
 6.63028220e-04  2.51635236e+00  6.63028220e-04  5.00000000e+00 
 6.73028220e-04  2.48585112e+00  6.73028220e-04  5.00000000e+00 
 6.83028220e-04  2.45571959e+00  6.83028220e-04  5.00000000e+00 
 6.93028220e-04  2.42595329e+00  6.93028220e-04  5.00000000e+00 
 7.03028220e-04  2.39654779e+00  7.03028220e-04  5.00000000e+00 
 7.13028220e-04  2.36749873e+00  7.13028220e-04  5.00000000e+00 
 7.23028220e-04  2.33880178e+00  7.23028220e-04  5.00000000e+00 
 7.33028220e-04  2.31045266e+00  7.33028220e-04  5.00000000e+00 
 7.43028220e-04  2.28244718e+00  7.43028220e-04  5.00000000e+00 
 7.53028220e-04  2.25478115e+00  7.53028220e-04  5.00000000e+00 
 7.63028220e-04  2.22745047e+00  7.63028220e-04  5.00000000e+00 
 7.73028220e-04  2.20045107e+00  7.73028220e-04  5.00000000e+00 
 7.83028220e-04  2.17377894e+00  7.83028220e-04  5.00000000e+00 
 7.93028220e-04  2.14743010e+00  7.93028220e-04  5.00000000e+00 
 8.03028220e-04  2.12140064e+00  8.03028220e-04  5.00000000e+00 
 8.13028220e-04  2.09568670e+00  8.13028220e-04  5.00000000e+00 
 8.23028220e-04  2.07028443e+00  8.23028220e-04  5.00000000e+00 
 8.33028220e-04  2.04519008e+00  8.33028220e-04  5.00000000e+00 
 8.43028220e-04  2.02039989e+00  8.43028220e-04  5.00000000e+00 
 8.53028220e-04  1.99591020e+00  8.53028220e-04  5.00000000e+00 
 8.63028220e-04  1.97171735e+00  8.63028220e-04  5.00000000e+00 
 8.73028220e-04  1.94781774e+00  8.73028220e-04  5.00000000e+00 
 8.83028220e-04  1.92420783e+00  8.83028220e-04  5.00000000e+00 
 8.93028220e-04  1.90088410e+00  8.93028220e-04  5.00000000e+00 
 9.03028220e-04  1.87784308e+00  9.03028220e-04  5.00000000e+00 
 9.13028220e-04  1.85508135e+00  9.13028220e-04  5.00000000e+00 
 9.23028220e-04  1.83259551e+00  9.23028220e-04  5.00000000e+00 
 9.33028220e-04  1.81038223e+00  9.33028220e-04  5.00000000e+00 
 9.43028220e-04  1.78843821e+00  9.43028220e-04  5.00000000e+00 
 9.53028220e-04  1.76676017e+00  9.53028220e-04  5.00000000e+00 
 9.63028220e-04  1.74534489e+00  9.63028220e-04  5.00000000e+00 
 9.73028220e-04  1.72418920e+00  9.73028220e-04  5.00000000e+00 
 9.83028220e-04  1.70328993e+00  9.83028220e-04  5.00000000e+00 
 9.93028220e-04  1.68264400e+00  9.93028220e-04  5.00000000e+00 
 1.00302822e-03  1.66224831e+00  1.00302822e-03  5.00000000e+00 
 1.01302822e-03  1.64209985e+00  1.01302822e-03  5.00000000e+00 
 1.02302822e-03  1.62219561e+00  1.02302822e-03  5.00000000e+00 
 1.03302822e-03  1.60253263e+00  1.03302822e-03  5.00000000e+00 
 1.04302822e-03  1.58310799e+00  1.04302822e-03  5.00000000e+00 
 1.05302822e-03  1.56391880e+00  1.05302822e-03  5.00000000e+00 
 1.06302822e-03  1.54496221e+00  1.06302822e-03  5.00000000e+00 
 1.07302822e-03  1.52623540e+00  1.07302822e-03  5.00000000e+00 
 1.08302822e-03  1.50773557e+00  1.08302822e-03  5.00000000e+00 
 1.09302822e-03  1.48945999e+00  1.09302822e-03  5.00000000e+00 
 1.10302822e-03  1.47140593e+00  1.10302822e-03  5.00000000e+00 
 1.11302822e-03  1.45357071e+00  1.11302822e-03  5.00000000e+00 
 1.12302822e-03  1.43595167e+00  1.12302822e-03  5.00000000e+00 
 1.13302822e-03  1.41854619e+00  1.13302822e-03  5.00000000e+00 
 1.14302822e-03  1.40135169e+00  1.14302822e-03  5.00000000e+00 
 1.15302822e-03  1.38436561e+00  1.15302822e-03  5.00000000e+00 
 1.16302822e-03  1.36758542e+00  1.16302822e-03  5.00000000e+00 
 1.17302822e-03  1.35100863e+00  1.17302822e-03  5.00000000e+00 
 1.18302822e-03  1.33463277e+00  1.18302822e-03  5.00000000e+00 
 1.19302822e-03  1.31845540e+00  1.19302822e-03  5.00000000e+00 
 1.20302822e-03  1.30247412e+00  1.20302822e-03  5.00000000e+00 
 1.21302822e-03  1.28668656e+00  1.21302822e-03  5.00000000e+00 
 1.22302822e-03  1.27109036e+00  1.22302822e-03  5.00000000e+00 
 1.23302822e-03  1.25568320e+00  1.23302822e-03  5.00000000e+00 
 1.24302822e-03  1.24046280e+00  1.24302822e-03  5.00000000e+00 
 1.25302822e-03  1.22542689e+00  1.25302822e-03  5.00000000e+00 
 1.26302822e-03  1.21057323e+00  1.26302822e-03  5.00000000e+00 
 1.27302822e-03  1.19589961e+00  1.27302822e-03  5.00000000e+00 
 1.28302822e-03  1.18140386e+00  1.28302822e-03  5.00000000e+00 
 1.29302822e-03  1.16708381e+00  1.29302822e-03  5.00000000e+00 
 1.30302822e-03  1.15293734e+00  1.30302822e-03  5.00000000e+00 
 1.31302822e-03  1.13896234e+00  1.31302822e-03  5.00000000e+00 
 1.32302822e-03  1.12515674e+00  1.32302822e-03  5.00000000e+00 
 1.33302822e-03  1.11151848e+00  1.33302822e-03  5.00000000e+00 
 1.34302822e-03  1.09804553e+00  1.34302822e-03  5.00000000e+00 
 1.35302822e-03  1.08473588e+00  1.35302822e-03  5.00000000e+00 
 1.36302822e-03  1.07158757e+00  1.36302822e-03  5.00000000e+00 
 1.37302822e-03  1.05859863e+00  1.37302822e-03  5.00000000e+00 
 1.38302822e-03  1.04576713e+00  1.38302822e-03  5.00000000e+00 
 1.39302822e-03  1.03309117e+00  1.39302822e-03  5.00000000e+00 
 1.40302822e-03  1.02056885e+00  1.40302822e-03  5.00000000e+00 
 1.41302822e-03  1.00819832e+00  1.41302822e-03  5.00000000e+00 
 1.42302822e-03  9.95977731e-01  1.42302822e-03  5.00000000e+00 
 1.43302822e-03  9.83905274e-01  1.43302822e-03  5.00000000e+00 
 1.44302822e-03  9.71979149e-01  1.44302822e-03  5.00000000e+00 
 1.45302822e-03  9.60197584e-01  1.45302822e-03  5.00000000e+00 
 1.46302822e-03  9.48558825e-01  1.46302822e-03  5.00000000e+00 
 1.47302822e-03  9.37061143e-01  1.47302822e-03  5.00000000e+00 
 1.48302822e-03  9.25702826e-01  1.48302822e-03  5.00000000e+00 
 1.49302822e-03  9.14482185e-01  1.49302822e-03  5.00000000e+00 
 1.50302822e-03  9.03397553e-01  1.50302822e-03  5.00000000e+00 
 1.51302822e-03  8.92447279e-01  1.51302822e-03  5.00000000e+00 
 1.52302822e-03  8.81629737e-01  1.52302822e-03  5.00000000e+00 
 1.53302822e-03  8.70943316e-01  1.53302822e-03  5.00000000e+00 
 1.54302822e-03  8.60386427e-01  1.54302822e-03  5.00000000e+00 
 1.55302822e-03  8.49957501e-01  1.55302822e-03  5.00000000e+00 
 1.56302822e-03  8.39654985e-01  1.56302822e-03  5.00000000e+00 
 1.57302822e-03  8.29477349e-01  1.57302822e-03  5.00000000e+00 
 1.58302822e-03  8.19423078e-01  1.58302822e-03  5.00000000e+00 
 1.59302822e-03  8.09490677e-01  1.59302822e-03  5.00000000e+00 
 1.60302822e-03  7.99678669e-01  1.60302822e-03  5.00000000e+00 
 1.61302822e-03  7.89985594e-01  1.61302822e-03  5.00000000e+00 
 1.62302822e-03  7.80410011e-01  1.62302822e-03  5.00000000e+00 
 1.63302822e-03  7.70950496e-01  1.63302822e-03  5.00000000e+00 
 1.64302822e-03  7.61605642e-01  1.64302822e-03  5.00000000e+00 
 1.65302822e-03  7.52374058e-01  1.65302822e-03  5.00000000e+00 
 1.66302822e-03  7.43254373e-01  1.66302822e-03  5.00000000e+00 
 1.67302822e-03  7.34245229e-01  1.67302822e-03  5.00000000e+00 
 1.68302822e-03  7.25345286e-01  1.68302822e-03  5.00000000e+00 
 1.69302822e-03  7.16553222e-01  1.69302822e-03  5.00000000e+00 
 1.70302822e-03  7.07867729e-01  1.70302822e-03  5.00000000e+00 
 1.71302822e-03  6.99287514e-01  1.71302822e-03  5.00000000e+00 
 1.72302822e-03  6.90811302e-01  1.72302822e-03  5.00000000e+00 
 1.73302822e-03  6.82437831e-01  1.73302822e-03  5.00000000e+00 
 1.74302822e-03  6.74165858e-01  1.74302822e-03  5.00000000e+00 
 1.75302822e-03  6.65994150e-01  1.75302822e-03  5.00000000e+00 
 1.76302822e-03  6.57921494e-01  1.76302822e-03  5.00000000e+00 
 1.77302822e-03  6.49946688e-01  1.77302822e-03  5.00000000e+00 
 1.78302822e-03  6.42068546e-01  1.78302822e-03  5.00000000e+00 
 1.79302822e-03  6.34285897e-01  1.79302822e-03  5.00000000e+00 
 1.80302822e-03  6.26597583e-01  1.80302822e-03  5.00000000e+00 
 1.81302822e-03  6.19002461e-01  1.81302822e-03  5.00000000e+00 
 1.82302822e-03  6.11499401e-01  1.82302822e-03  5.00000000e+00 
 1.83302822e-03  6.04087287e-01  1.83302822e-03  5.00000000e+00 
 1.84302822e-03  5.96765017e-01  1.84302822e-03  5.00000000e+00 
 1.85302822e-03  5.89531501e-01  1.85302822e-03  5.00000000e+00 
 1.86302822e-03  5.82385665e-01  1.86302822e-03  5.00000000e+00 
 1.87302822e-03  5.75326445e-01  1.87302822e-03  5.00000000e+00 
 1.88302822e-03  5.68352791e-01  1.88302822e-03  5.00000000e+00 
 1.89302822e-03  5.61463666e-01  1.89302822e-03  5.00000000e+00 
 1.90302822e-03  5.54658046e-01  1.90302822e-03  5.00000000e+00 
 1.91302822e-03  5.47934918e-01  1.91302822e-03  5.00000000e+00 
 1.92302822e-03  5.41293283e-01  1.92302822e-03  5.00000000e+00 
 1.93302822e-03  5.34732152e-01  1.93302822e-03  5.00000000e+00 
 1.94302822e-03  5.28250550e-01  1.94302822e-03  5.00000000e+00 
 1.95302822e-03  5.21847513e-01  1.95302822e-03  5.00000000e+00 
 1.96302822e-03  5.15522089e-01  1.96302822e-03  5.00000000e+00 
 1.97302822e-03  5.09273336e-01  1.97302822e-03  5.00000000e+00 
 1.98302822e-03  5.03100326e-01  1.98302822e-03  5.00000000e+00 
 1.99302822e-03  4.97002140e-01  1.99302822e-03  5.00000000e+00 
 2.00302822e-03  4.90977872e-01  2.00302822e-03  5.00000000e+00 
 2.01302822e-03  4.85026625e-01  2.01302822e-03  5.00000000e+00 
 2.02302822e-03  4.79147515e-01  2.02302822e-03  5.00000000e+00 
 2.03302822e-03  4.73339666e-01  2.03302822e-03  5.00000000e+00 
 2.04302822e-03  4.67602215e-01  2.04302822e-03  5.00000000e+00 
 2.05302822e-03  4.61934310e-01  2.05302822e-03  5.00000000e+00 
 2.06302822e-03  4.56335106e-01  2.06302822e-03  5.00000000e+00 
 2.07302822e-03  4.50803771e-01  2.07302822e-03  5.00000000e+00 
 2.08302822e-03  4.45339483e-01  2.08302822e-03  5.00000000e+00 
 2.09302822e-03  4.39941429e-01  2.09302822e-03  5.00000000e+00 
 2.10302822e-03  4.34608805e-01  2.10302822e-03  5.00000000e+00 
 2.11302822e-03  4.29340820e-01  2.11302822e-03  5.00000000e+00 
 2.12302822e-03  4.24136689e-01  2.12302822e-03  5.00000000e+00 
 2.13302822e-03  4.18995638e-01  2.13302822e-03  5.00000000e+00 
 2.14302822e-03  4.13916903e-01  2.14302822e-03  5.00000000e+00 
 2.15302822e-03  4.08899728e-01  2.15302822e-03  5.00000000e+00 
 2.16302822e-03  4.03943368e-01  2.16302822e-03  5.00000000e+00 
 2.17302822e-03  3.99047085e-01  2.17302822e-03  5.00000000e+00 
 2.18302822e-03  3.94210151e-01  2.18302822e-03  5.00000000e+00 
 2.19302822e-03  3.89431846e-01  2.19302822e-03  5.00000000e+00 
 2.20302822e-03  3.84711460e-01  2.20302822e-03  5.00000000e+00 
 2.21302822e-03  3.80048290e-01  2.21302822e-03  5.00000000e+00 
 2.22302822e-03  3.75441644e-01  2.22302822e-03  5.00000000e+00 
 2.23302822e-03  3.70890837e-01  2.23302822e-03  5.00000000e+00 
 2.24302822e-03  3.66395190e-01  2.24302822e-03  5.00000000e+00 
 2.25302822e-03  3.61954036e-01  2.25302822e-03  5.00000000e+00 
 2.26302822e-03  3.57566715e-01  2.26302822e-03  5.00000000e+00 
 2.27302822e-03  3.53232573e-01  2.27302822e-03  5.00000000e+00 
 2.28302822e-03  3.48950966e-01  2.28302822e-03  5.00000000e+00 
 2.29302822e-03  3.44721257e-01  2.29302822e-03  5.00000000e+00 
 2.30302822e-03  3.40542818e-01  2.30302822e-03  5.00000000e+00 
 2.31302822e-03  3.36415026e-01  2.31302822e-03  5.00000000e+00 
 2.32302822e-03  3.32337268e-01  2.32302822e-03  5.00000000e+00 
 2.33302822e-03  3.28308937e-01  2.33302822e-03  5.00000000e+00 
 2.34302822e-03  3.24329435e-01  2.34302822e-03  5.00000000e+00 
 2.35302822e-03  3.20398169e-01  2.35302822e-03  5.00000000e+00 
 2.36302822e-03  3.16514555e-01  2.36302822e-03  5.00000000e+00 
 2.37302822e-03  3.12678015e-01  2.37302822e-03  5.00000000e+00 
 2.38302822e-03  3.08887979e-01  2.38302822e-03  5.00000000e+00 
 2.39302822e-03  3.05143882e-01  2.39302822e-03  5.00000000e+00 
 2.40302822e-03  3.01445168e-01  2.40302822e-03  5.00000000e+00 
 2.41302822e-03  2.97791287e-01  2.41302822e-03  5.00000000e+00 
 2.42302822e-03  2.94181696e-01  2.42302822e-03  5.00000000e+00 
 2.43302822e-03  2.90615857e-01  2.43302822e-03  5.00000000e+00 
 2.44302822e-03  2.87093241e-01  2.44302822e-03  5.00000000e+00 
 2.45302822e-03  2.83613323e-01  2.45302822e-03  5.00000000e+00 
 2.46302822e-03  2.80175585e-01  2.46302822e-03  5.00000000e+00 
 2.47302822e-03  2.76779518e-01  2.47302822e-03  5.00000000e+00 
 2.48302822e-03  2.73424614e-01  2.48302822e-03  5.00000000e+00 
 2.49302822e-03  2.70110377e-01  2.49302822e-03  5.00000000e+00 
 2.50302822e-03  2.66836312e-01  2.50302822e-03  5.00000000e+00 
 2.51302822e-03  2.63601932e-01  2.51302822e-03  5.00000000e+00 
 2.52302822e-03  2.60406757e-01  2.52302822e-03  5.00000000e+00 
 2.53302822e-03  2.57250312e-01  2.53302822e-03  5.00000000e+00 
 2.54302822e-03  2.54132126e-01  2.54302822e-03  5.00000000e+00 
 2.55302822e-03  2.51051737e-01  2.55302822e-03  5.00000000e+00 
 2.56302822e-03  2.48008685e-01  2.56302822e-03  5.00000000e+00 
 2.57302822e-03  2.45002519e-01  2.57302822e-03  5.00000000e+00 
 2.58302822e-03  2.42032792e-01  2.58302822e-03  5.00000000e+00 
 2.59302822e-03  2.39099061e-01  2.59302822e-03  5.00000000e+00 
 2.60302822e-03  2.36200891e-01  2.60302822e-03  5.00000000e+00 
 2.61302822e-03  2.33337849e-01  2.61302822e-03  5.00000000e+00 
 2.62302822e-03  2.30509512e-01  2.62302822e-03  5.00000000e+00 
 2.63302822e-03  2.27715457e-01  2.63302822e-03  5.00000000e+00 
 2.64302822e-03  2.24955270e-01  2.64302822e-03  5.00000000e+00 
 2.65302822e-03  2.22228539e-01  2.65302822e-03  5.00000000e+00 
 2.66302822e-03  2.19534860e-01  2.66302822e-03  5.00000000e+00 
 2.67302822e-03  2.16873831e-01  2.67302822e-03  5.00000000e+00 
 2.68302822e-03  2.14245058e-01  2.68302822e-03  5.00000000e+00 
 2.69302822e-03  2.11648148e-01  2.69302822e-03  5.00000000e+00 
 2.70302822e-03  2.09082716e-01  2.70302822e-03  5.00000000e+00 
 2.71302822e-03  2.06548380e-01  2.71302822e-03  5.00000000e+00 
 2.72302822e-03  2.04044763e-01  2.72302822e-03  5.00000000e+00 
 2.73302822e-03  2.01571493e-01  2.73302822e-03  5.00000000e+00 
 2.74302822e-03  1.99128202e-01  2.74302822e-03  5.00000000e+00 
 2.75302822e-03  1.96714527e-01  2.75302822e-03  5.00000000e+00 
 2.76302822e-03  1.94330109e-01  2.76302822e-03  5.00000000e+00 
 2.77302822e-03  1.91974592e-01  2.77302822e-03  5.00000000e+00 
 2.78302822e-03  1.89647628e-01  2.78302822e-03  5.00000000e+00 
 2.79302822e-03  1.87348868e-01  2.79302822e-03  5.00000000e+00 
 2.80302822e-03  1.85077973e-01  2.80302822e-03  5.00000000e+00 
 2.81302822e-03  1.82834604e-01  2.81302822e-03  5.00000000e+00 
 2.82302822e-03  1.80618427e-01  2.82302822e-03  5.00000000e+00 
 2.83302822e-03  1.78429112e-01  2.83302822e-03  5.00000000e+00 
 2.84302822e-03  1.76266335e-01  2.84302822e-03  5.00000000e+00 
 2.85302822e-03  1.74129774e-01  2.85302822e-03  5.00000000e+00 
 2.86302822e-03  1.72019110e-01  2.86302822e-03  5.00000000e+00 
 2.87302822e-03  1.69934030e-01  2.87302822e-03  5.00000000e+00 
 2.88302822e-03  1.67874223e-01  2.88302822e-03  5.00000000e+00 
 2.89302822e-03  1.65839384e-01  2.89302822e-03  5.00000000e+00 
 2.90302822e-03  1.63829210e-01  2.90302822e-03  5.00000000e+00 
 2.91302822e-03  1.61843401e-01  2.91302822e-03  5.00000000e+00 
 2.92302822e-03  1.59881663e-01  2.92302822e-03  5.00000000e+00 
 2.93302822e-03  1.57943703e-01  2.93302822e-03  5.00000000e+00 
 2.94302822e-03  1.56029234e-01  2.94302822e-03  5.00000000e+00 
 2.95302822e-03  1.54137971e-01  2.95302822e-03  5.00000000e+00 
 2.96302822e-03  1.52269632e-01  2.96302822e-03  5.00000000e+00 
 2.97302822e-03  1.50423939e-01  2.97302822e-03  5.00000000e+00 
 2.98302822e-03  1.48600619e-01  2.98302822e-03  5.00000000e+00 
 2.99302822e-03  1.46799399e-01  2.99302822e-03  5.00000000e+00 
 3.00302822e-03  1.45020013e-01  3.00302822e-03  5.00000000e+00 
 3.01302822e-03  1.43262194e-01  3.01302822e-03  5.00000000e+00 
 3.02302822e-03  1.41525683e-01  3.02302822e-03  5.00000000e+00 
 3.03302822e-03  1.39810220e-01  3.03302822e-03  5.00000000e+00 
 3.04302822e-03  1.38115551e-01  3.04302822e-03  5.00000000e+00 
 3.05302822e-03  1.36441423e-01  3.05302822e-03  5.00000000e+00 
 3.06302822e-03  1.34787587e-01  3.06302822e-03  5.00000000e+00 
 3.07302822e-03  1.33153798e-01  3.07302822e-03  5.00000000e+00 
 3.08302822e-03  1.31539813e-01  3.08302822e-03  5.00000000e+00 
 3.09302822e-03  1.29945391e-01  3.09302822e-03  5.00000000e+00 
 3.10302822e-03  1.28370295e-01  3.10302822e-03  5.00000000e+00 
 3.11302822e-03  1.26814292e-01  3.11302822e-03  5.00000000e+00 
 3.12302822e-03  1.25277149e-01  3.12302822e-03  5.00000000e+00 
 3.13302822e-03  1.23758638e-01  3.13302822e-03  5.00000000e+00 
 3.14302822e-03  1.22258533e-01  3.14302822e-03  5.00000000e+00 
 3.15302822e-03  1.20776612e-01  3.15302822e-03  5.00000000e+00 
 3.16302822e-03  1.19312653e-01  3.16302822e-03  5.00000000e+00 
 3.17302822e-03  1.17866439e-01  3.17302822e-03  5.00000000e+00 
 3.18302822e-03  1.16437755e-01  3.18302822e-03  5.00000000e+00 
 3.19302822e-03  1.15026388e-01  3.19302822e-03  5.00000000e+00 
 3.20302822e-03  1.13632129e-01  3.20302822e-03  5.00000000e+00 
 3.21302822e-03  1.12254769e-01  3.21302822e-03  5.00000000e+00 
 3.22302822e-03  1.10894106e-01  3.22302822e-03  5.00000000e+00 
 3.23302822e-03  1.09549935e-01  3.23302822e-03  5.00000000e+00 
 3.24302822e-03  1.08222057e-01  3.24302822e-03  5.00000000e+00 
 3.25302822e-03  1.06910274e-01  3.25302822e-03  5.00000000e+00 
 3.26302822e-03  1.05614392e-01  3.26302822e-03  5.00000000e+00 
 3.27302822e-03  1.04334218e-01  3.27302822e-03  5.00000000e+00 
 3.28302822e-03  1.03069560e-01  3.28302822e-03  5.00000000e+00 
 3.29302822e-03  1.01820232e-01  3.29302822e-03  5.00000000e+00 
 3.30302822e-03  1.00586048e-01  3.30302822e-03  5.00000000e+00 
 3.31302822e-03  9.93668229e-02  3.31302822e-03  5.00000000e+00 
 3.32302822e-03  9.81623766e-02  3.32302822e-03  5.00000000e+00 
 3.33302822e-03  9.69725296e-02  3.33302822e-03  5.00000000e+00 
 3.34302822e-03  9.57971050e-02  3.34302822e-03  5.00000000e+00 
 3.35302822e-03  9.46359280e-02  3.35302822e-03  5.00000000e+00 
 3.36302822e-03  9.34888258e-02  3.36302822e-03  5.00000000e+00 
 3.37302822e-03  9.23556279e-02  3.37302822e-03  5.00000000e+00 
 3.38302822e-03  9.12361658e-02  3.38302822e-03  5.00000000e+00 
 3.39302822e-03  9.01302728e-02  3.39302822e-03  5.00000000e+00 
 3.40302822e-03  8.90377847e-02  3.40302822e-03  5.00000000e+00 
 3.41302822e-03  8.79585388e-02  3.41302822e-03  5.00000000e+00 
 3.42302822e-03  8.68923747e-02  3.42302822e-03  5.00000000e+00 
 3.43302822e-03  8.58391338e-02  3.43302822e-03  5.00000000e+00 
 3.44302822e-03  8.47986594e-02  3.44302822e-03  5.00000000e+00 
 3.45302822e-03  8.37707969e-02  3.45302822e-03  5.00000000e+00 
 3.46302822e-03  8.27553933e-02  3.46302822e-03  5.00000000e+00 
 3.47302822e-03  8.17522976e-02  3.47302822e-03  5.00000000e+00 
 3.48302822e-03  8.07613607e-02  3.48302822e-03  5.00000000e+00 
 3.49302822e-03  7.97824351e-02  3.49302822e-03  5.00000000e+00 
 3.50302822e-03  7.88153753e-02  3.50302822e-03  5.00000000e+00 
 3.51302822e-03  7.78600374e-02  3.51302822e-03  5.00000000e+00 
 3.52302822e-03  7.69162794e-02  3.52302822e-03  5.00000000e+00 
 3.53302822e-03  7.59839608e-02  3.53302822e-03  5.00000000e+00 
 3.54302822e-03  7.50629431e-02  3.54302822e-03  5.00000000e+00 
 3.55302822e-03  7.41530893e-02  3.55302822e-03  5.00000000e+00 
 3.56302822e-03  7.32542639e-02  3.56302822e-03  5.00000000e+00 
 3.57302822e-03  7.23663335e-02  3.57302822e-03  5.00000000e+00 
 3.58302822e-03  7.14891658e-02  3.58302822e-03  5.00000000e+00 
 3.59302822e-03  7.06226305e-02  3.59302822e-03  5.00000000e+00 
 3.60302822e-03  6.97665986e-02  3.60302822e-03  5.00000000e+00 
 3.61302822e-03  6.89209428e-02  3.61302822e-03  5.00000000e+00 
 3.62302822e-03  6.80855375e-02  3.62302822e-03  5.00000000e+00 
 3.63302822e-03  6.72602582e-02  3.63302822e-03  5.00000000e+00 
 3.64302822e-03  6.64449824e-02  3.64302822e-03  5.00000000e+00 
 3.65302822e-03  6.56395886e-02  3.65302822e-03  5.00000000e+00 
 3.66302822e-03  6.48439573e-02  3.66302822e-03  5.00000000e+00 
 3.67302822e-03  6.40579699e-02  3.67302822e-03  5.00000000e+00 
 3.68302822e-03  6.32815097e-02  3.68302822e-03  5.00000000e+00 
 3.69302822e-03  6.25144611e-02  3.69302822e-03  5.00000000e+00 
 3.70302822e-03  6.17567100e-02  3.70302822e-03  5.00000000e+00 
 3.71302822e-03  6.10081438e-02  3.71302822e-03  5.00000000e+00 
 3.72302822e-03  6.02686512e-02  3.72302822e-03  5.00000000e+00 
 3.73302822e-03  5.95381221e-02  3.73302822e-03  5.00000000e+00 
 3.74302822e-03  5.88164479e-02  3.74302822e-03  5.00000000e+00 
 3.75302822e-03  5.81035212e-02  3.75302822e-03  5.00000000e+00 
 3.76302822e-03  5.73992361e-02  3.76302822e-03  5.00000000e+00 
 3.77302822e-03  5.67034878e-02  3.77302822e-03  5.00000000e+00 
 3.78302822e-03  5.60161728e-02  3.78302822e-03  5.00000000e+00 
 3.79302822e-03  5.53371889e-02  3.79302822e-03  5.00000000e+00 
 3.80302822e-03  5.46664351e-02  3.80302822e-03  5.00000000e+00 
 3.81302822e-03  5.40038116e-02  3.81302822e-03  5.00000000e+00 
 3.82302822e-03  5.33492200e-02  3.82302822e-03  5.00000000e+00 
 3.83302822e-03  5.27025628e-02  3.83302822e-03  5.00000000e+00 
 3.84302822e-03  5.20637438e-02  3.84302822e-03  5.00000000e+00 
 3.85302822e-03  5.14326681e-02  3.85302822e-03  5.00000000e+00 
 3.86302822e-03  5.08092419e-02  3.86302822e-03  5.00000000e+00 
 3.87302822e-03  5.01933723e-02  3.87302822e-03  5.00000000e+00 
 3.88302822e-03  4.95849677e-02  3.88302822e-03  5.00000000e+00 
 3.89302822e-03  4.89839378e-02  3.89302822e-03  5.00000000e+00 
 3.90302822e-03  4.83901931e-02  3.90302822e-03  5.00000000e+00 
 3.91302822e-03  4.78036453e-02  3.91302822e-03  5.00000000e+00 
 3.92302822e-03  4.72242072e-02  3.92302822e-03  5.00000000e+00 
 3.93302822e-03  4.66517926e-02  3.93302822e-03  5.00000000e+00 
 3.94302822e-03  4.60863163e-02  3.94302822e-03  5.00000000e+00 
 3.95302822e-03  4.55276943e-02  3.95302822e-03  5.00000000e+00 
 3.96302822e-03  4.49758434e-02  3.96302822e-03  5.00000000e+00 
 3.97302822e-03  4.44306817e-02  3.97302822e-03  5.00000000e+00 
 3.98302822e-03  4.38921280e-02  3.98302822e-03  5.00000000e+00 
 3.99302822e-03  4.33601022e-02  3.99302822e-03  5.00000000e+00 
 4.00302822e-03  4.28345252e-02  4.00302822e-03  5.00000000e+00 
 4.01302822e-03  4.23153188e-02  4.01302822e-03  5.00000000e+00 
 4.02302822e-03  4.18024059e-02  4.02302822e-03  5.00000000e+00 
 4.03302822e-03  4.12957100e-02  4.03302822e-03  5.00000000e+00 
 4.04302822e-03  4.07951560e-02  4.04302822e-03  5.00000000e+00 
 4.05302822e-03  4.03006692e-02  4.05302822e-03  5.00000000e+00 
 4.06302822e-03  3.98121763e-02  4.06302822e-03  5.00000000e+00 
 4.07302822e-03  3.93296045e-02  4.07302822e-03  5.00000000e+00 
 4.08302822e-03  3.88528820e-02  4.08302822e-03  5.00000000e+00 
 4.09302822e-03  3.83819380e-02  4.09302822e-03  5.00000000e+00 
 4.10302822e-03  3.79167023e-02  4.10302822e-03  5.00000000e+00 
 4.11302822e-03  3.74571059e-02  4.11302822e-03  5.00000000e+00 
 4.12302822e-03  3.70030804e-02  4.12302822e-03  5.00000000e+00 
 4.13302822e-03  3.65545582e-02  4.13302822e-03  5.00000000e+00 
 4.14302822e-03  3.61114727e-02  4.14302822e-03  5.00000000e+00 
 4.15302822e-03  3.56737579e-02  4.15302822e-03  5.00000000e+00 
 4.16302822e-03  3.52413487e-02  4.16302822e-03  5.00000000e+00 
 4.17302822e-03  3.48141808e-02  4.17302822e-03  5.00000000e+00 
 4.18302822e-03  3.43921907e-02  4.18302822e-03  5.00000000e+00 
 4.19302822e-03  3.39753157e-02  4.19302822e-03  5.00000000e+00 
 4.20302822e-03  3.35634937e-02  4.20302822e-03  5.00000000e+00 
 4.21302822e-03  3.31566635e-02  4.21302822e-03  5.00000000e+00 
 4.22302822e-03  3.27547645e-02  4.22302822e-03  5.00000000e+00 
 4.23302822e-03  3.23577371e-02  4.23302822e-03  5.00000000e+00 
 4.24302822e-03  3.19655221e-02  4.24302822e-03  5.00000000e+00 
 4.25302822e-03  3.15780612e-02  4.25302822e-03  5.00000000e+00 
 4.26302822e-03  3.11952968e-02  4.26302822e-03  5.00000000e+00 
 4.27302822e-03  3.08171720e-02  4.27302822e-03  5.00000000e+00 
 4.28302822e-03  3.04436305e-02  4.28302822e-03  5.00000000e+00 
 4.29302822e-03  3.00746168e-02  4.29302822e-03  5.00000000e+00 
 4.30302822e-03  2.97100760e-02  4.30302822e-03  5.00000000e+00 
 4.31302822e-03  2.93499539e-02  4.31302822e-03  5.00000000e+00 
 4.32302822e-03  2.89941969e-02  4.32302822e-03  5.00000000e+00 
 4.33302822e-03  2.86427521e-02  4.33302822e-03  5.00000000e+00 
 4.34302822e-03  2.82955672e-02  4.34302822e-03  5.00000000e+00 
 4.35302822e-03  2.79525906e-02  4.35302822e-03  5.00000000e+00 
 4.36302822e-03  2.76137713e-02  4.36302822e-03  5.00000000e+00 
 4.37302822e-03  2.72790590e-02  4.37302822e-03  5.00000000e+00 
 4.38302822e-03  2.69484037e-02  4.38302822e-03  5.00000000e+00 
 4.39302822e-03  2.66217564e-02  4.39302822e-03  5.00000000e+00 
 4.40302822e-03  2.62990684e-02  4.40302822e-03  5.00000000e+00 
 4.41302822e-03  2.59802918e-02  4.41302822e-03  5.00000000e+00 
 4.42302822e-03  2.56653792e-02  4.42302822e-03  5.00000000e+00 
 4.43302822e-03  2.53542837e-02  4.43302822e-03  5.00000000e+00 
 4.44302822e-03  2.50469590e-02  4.44302822e-03  5.00000000e+00 
 4.45302822e-03  2.47433595e-02  4.45302822e-03  5.00000000e+00 
 4.46302822e-03  2.44434400e-02  4.46302822e-03  5.00000000e+00 
 4.47302822e-03  2.41471559e-02  4.47302822e-03  5.00000000e+00 
 4.48302822e-03  2.38544631e-02  4.48302822e-03  5.00000000e+00 
 4.49302822e-03  2.35653181e-02  4.49302822e-03  5.00000000e+00 
 4.50302822e-03  2.32796779e-02  4.50302822e-03  5.00000000e+00 
 4.51302822e-03  2.29975000e-02  4.51302822e-03  5.00000000e+00 
 4.52302822e-03  2.27187424e-02  4.52302822e-03  5.00000000e+00 
 4.53302822e-03  2.24433637e-02  4.53302822e-03  5.00000000e+00 
 4.54302822e-03  2.21713229e-02  4.54302822e-03  5.00000000e+00 
 4.55302822e-03  2.19025796e-02  4.55302822e-03  5.00000000e+00 
 4.56302822e-03  2.16370938e-02  4.56302822e-03  5.00000000e+00 
 4.57302822e-03  2.13748260e-02  4.57302822e-03  5.00000000e+00 
 4.58302822e-03  2.11157372e-02  4.58302822e-03  5.00000000e+00 
 4.59302822e-03  2.08597889e-02  4.59302822e-03  5.00000000e+00 
 4.60302822e-03  2.06069429e-02  4.60302822e-03  5.00000000e+00 
 4.61302822e-03  2.03571618e-02  4.61302822e-03  5.00000000e+00 
 4.62302822e-03  2.01104083e-02  4.62302822e-03  5.00000000e+00 
 4.63302822e-03  1.98666458e-02  4.63302822e-03  5.00000000e+00 
 4.64302822e-03  1.96258380e-02  4.64302822e-03  5.00000000e+00 
 4.65302822e-03  1.93879490e-02  4.65302822e-03  5.00000000e+00 
 4.66302822e-03  1.91529436e-02  4.66302822e-03  5.00000000e+00 
 4.67302822e-03  1.89207867e-02  4.67302822e-03  5.00000000e+00 
 4.68302822e-03  1.86914438e-02  4.68302822e-03  5.00000000e+00 
 4.69302822e-03  1.84648809e-02  4.69302822e-03  5.00000000e+00 
 4.70302822e-03  1.82410641e-02  4.70302822e-03  5.00000000e+00 
 4.71302822e-03  1.80199603e-02  4.71302822e-03  5.00000000e+00 
 4.72302822e-03  1.78015366e-02  4.72302822e-03  5.00000000e+00 
 4.73302822e-03  1.75857604e-02  4.73302822e-03  5.00000000e+00 
 4.74302822e-03  1.73725996e-02  4.74302822e-03  5.00000000e+00 
 4.75302822e-03  1.71620227e-02  4.75302822e-03  5.00000000e+00 
 4.76302822e-03  1.69539982e-02  4.76302822e-03  5.00000000e+00 
 4.77302822e-03  1.67484952e-02  4.77302822e-03  5.00000000e+00 
 4.78302822e-03  1.65454831e-02  4.78302822e-03  5.00000000e+00 
 4.79302822e-03  1.63449318e-02  4.79302822e-03  5.00000000e+00 
 4.80302822e-03  1.61468114e-02  4.80302822e-03  5.00000000e+00 
 4.81302822e-03  1.59510925e-02  4.81302822e-03  5.00000000e+00 
 4.82302822e-03  1.57577459e-02  4.82302822e-03  5.00000000e+00 
 4.83302822e-03  1.55667429e-02  4.83302822e-03  5.00000000e+00 
 4.84302822e-03  1.53780551e-02  4.84302822e-03  5.00000000e+00 
 4.85302822e-03  1.51916545e-02  4.85302822e-03  5.00000000e+00 
 4.86302822e-03  1.50075132e-02  4.86302822e-03  5.00000000e+00 
 4.87302822e-03  1.48256039e-02  4.87302822e-03  5.00000000e+00 
 4.88302822e-03  1.46458996e-02  4.88302822e-03  5.00000000e+00 
 4.89302822e-03  1.44683736e-02  4.89302822e-03  5.00000000e+00 
 4.90302822e-03  1.42929994e-02  4.90302822e-03  5.00000000e+00 
 4.91302822e-03  1.41197509e-02  4.91302822e-03  5.00000000e+00 
 4.92302822e-03  1.39486024e-02  4.92302822e-03  5.00000000e+00 
 4.93302822e-03  1.37795284e-02  4.93302822e-03  5.00000000e+00 
 4.94302822e-03  1.36125038e-02  4.94302822e-03  5.00000000e+00 
 4.95302822e-03  1.34475038e-02  4.95302822e-03  5.00000000e+00 
 4.96302822e-03  1.32845037e-02  4.96302822e-03  5.00000000e+00 
 4.97302822e-03  1.31234795e-02  4.97302822e-03  5.00000000e+00 
 4.98302822e-03  1.29644070e-02  4.98302822e-03  5.00000000e+00 
 4.99302822e-03  1.28072627e-02  4.99302822e-03  5.00000000e+00 
 5.00302822e-03  1.26520231e-02  5.00302822e-03  5.00000000e+00 
 5.01302822e-03  1.24986652e-02  5.01302822e-03  5.00000000e+00 
 5.02302822e-03  1.23471663e-02  5.02302822e-03  5.00000000e+00 
 5.03302822e-03  1.21975037e-02  5.03302822e-03  5.00000000e+00 
 5.04302822e-03  1.20496551e-02  5.04302822e-03  5.00000000e+00 
 5.05302822e-03  1.19035987e-02  5.05302822e-03  5.00000000e+00 
 5.06302822e-03  1.17593127e-02  5.06302822e-03  5.00000000e+00 
 5.07302822e-03  1.16167755e-02  5.07302822e-03  5.00000000e+00 
 5.08302822e-03  1.14759661e-02  5.08302822e-03  5.00000000e+00 
 5.09302822e-03  1.13368635e-02  5.09302822e-03  5.00000000e+00 
 5.10000100e-03  1.12408699e-02  5.10000100e-03  5.00000000e+00 
 5.10100100e-03 -4.98268269e+00  5.10100100e-03  0.00000000e+00 
 5.10300100e-03 -4.97054461e+00  5.10300100e-03  0.00000000e+00 
 5.10700100e-03 -4.94635704e+00  5.10700100e-03  0.00000000e+00 
 5.11500100e-03 -4.89833416e+00  5.11500100e-03  0.00000000e+00 
 5.12500100e-03 -4.83896041e+00  5.12500100e-03  0.00000000e+00 
 5.13500100e-03 -4.78030634e+00  5.13500100e-03  0.00000000e+00 
 5.14500100e-03 -4.72236324e+00  5.14500100e-03  0.00000000e+00 
 5.15500100e-03 -4.66512247e+00  5.15500100e-03  0.00000000e+00 
 5.16500100e-03 -4.60857553e+00  5.16500100e-03  0.00000000e+00 
 5.17500100e-03 -4.55271401e+00  5.17500100e-03  0.00000000e+00 
 5.18500100e-03 -4.49752960e+00  5.18500100e-03  0.00000000e+00 
 5.19500100e-03 -4.44301409e+00  5.19500100e-03  0.00000000e+00 
 5.20500100e-03 -4.38915937e+00  5.20500100e-03  0.00000000e+00 
 5.21500100e-03 -4.33595744e+00  5.21500100e-03  0.00000000e+00 
 5.22500100e-03 -4.28340038e+00  5.22500100e-03  0.00000000e+00 
 5.23500100e-03 -4.23148037e+00  5.23500100e-03  0.00000000e+00 
 5.24500100e-03 -4.18018970e+00  5.24500100e-03  0.00000000e+00 
 5.25500100e-03 -4.12952074e+00  5.25500100e-03  0.00000000e+00 
 5.26500100e-03 -4.07946594e+00  5.26500100e-03  0.00000000e+00 
 5.27500100e-03 -4.03001787e+00  5.27500100e-03  0.00000000e+00 
 5.28500100e-03 -3.98116917e+00  5.28500100e-03  0.00000000e+00 
 5.29500100e-03 -3.93291257e+00  5.29500100e-03  0.00000000e+00 
 5.30500100e-03 -3.88524090e+00  5.30500100e-03  0.00000000e+00 
 5.31500100e-03 -3.83814707e+00  5.31500100e-03  0.00000000e+00 
 5.32500100e-03 -3.79162408e+00  5.32500100e-03  0.00000000e+00 
 5.33500100e-03 -3.74566500e+00  5.33500100e-03  0.00000000e+00 
 5.34500100e-03 -3.70026300e+00  5.34500100e-03  0.00000000e+00 
 5.35500100e-03 -3.65541133e+00  5.35500100e-03  0.00000000e+00 
 5.36500100e-03 -3.61110331e+00  5.36500100e-03  0.00000000e+00 
 5.37500100e-03 -3.56733236e+00  5.37500100e-03  0.00000000e+00 
 5.38500100e-03 -3.52409197e+00  5.38500100e-03  0.00000000e+00 
 5.39500100e-03 -3.48137570e+00  5.39500100e-03  0.00000000e+00 
 5.40500100e-03 -3.43917721e+00  5.40500100e-03  0.00000000e+00 
 5.41500100e-03 -3.39749021e+00  5.41500100e-03  0.00000000e+00 
 5.42500100e-03 -3.35630851e+00  5.42500100e-03  0.00000000e+00 
 5.43500100e-03 -3.31562599e+00  5.43500100e-03  0.00000000e+00 
 5.44500100e-03 -3.27543658e+00  5.44500100e-03  0.00000000e+00 
 5.45500100e-03 -3.23573432e+00  5.45500100e-03  0.00000000e+00 
 5.46500100e-03 -3.19651330e+00  5.46500100e-03  0.00000000e+00 
 5.47500100e-03 -3.15776768e+00  5.47500100e-03  0.00000000e+00 
 5.48500100e-03 -3.11949171e+00  5.48500100e-03  0.00000000e+00 
 5.49500100e-03 -3.08167969e+00  5.49500100e-03  0.00000000e+00 
 5.50500100e-03 -3.04432600e+00  5.50500100e-03  0.00000000e+00 
 5.51500100e-03 -3.00742507e+00  5.51500100e-03  0.00000000e+00 
 5.52500100e-03 -2.97097144e+00  5.52500100e-03  0.00000000e+00 
 5.53500100e-03 -2.93495966e+00  5.53500100e-03  0.00000000e+00 
 5.54500100e-03 -2.89938439e+00  5.54500100e-03  0.00000000e+00 
 5.55500100e-03 -2.86424034e+00  5.55500100e-03  0.00000000e+00 
 5.56500100e-03 -2.82952228e+00  5.56500100e-03  0.00000000e+00 
 5.57500100e-03 -2.79522504e+00  5.57500100e-03  0.00000000e+00 
 5.58500100e-03 -2.76134352e+00  5.58500100e-03  0.00000000e+00 
 5.59500100e-03 -2.72787269e+00  5.59500100e-03  0.00000000e+00 
 5.60500100e-03 -2.69480757e+00  5.60500100e-03  0.00000000e+00 
 5.61500100e-03 -2.66214323e+00  5.61500100e-03  0.00000000e+00 
 5.62500100e-03 -2.62987483e+00  5.62500100e-03  0.00000000e+00 
 5.63500100e-03 -2.59799756e+00  5.63500100e-03  0.00000000e+00 
 5.64500100e-03 -2.56650668e+00  5.64500100e-03  0.00000000e+00 
 5.65500100e-03 -2.53539751e+00  5.65500100e-03  0.00000000e+00 
 5.66500100e-03 -2.50466542e+00  5.66500100e-03  0.00000000e+00 
 5.67500100e-03 -2.47430584e+00  5.67500100e-03  0.00000000e+00 
 5.68500100e-03 -2.44431425e+00  5.68500100e-03  0.00000000e+00 
 5.69500100e-03 -2.41468620e+00  5.69500100e-03  0.00000000e+00 
 5.70500100e-03 -2.38541727e+00  5.70500100e-03  0.00000000e+00 
 5.71500100e-03 -2.35650313e+00  5.71500100e-03  0.00000000e+00 
 5.72500100e-03 -2.32793945e+00  5.72500100e-03  0.00000000e+00 
 5.73500100e-03 -2.29972200e+00  5.73500100e-03  0.00000000e+00 
 5.74500100e-03 -2.27184659e+00  5.74500100e-03  0.00000000e+00 
 5.75500100e-03 -2.24430905e+00  5.75500100e-03  0.00000000e+00 
 5.76500100e-03 -2.21710530e+00  5.76500100e-03  0.00000000e+00 
 5.77500100e-03 -2.19023130e+00  5.77500100e-03  0.00000000e+00 
 5.78500100e-03 -2.16368304e+00  5.78500100e-03  0.00000000e+00 
 5.79500100e-03 -2.13745658e+00  5.79500100e-03  0.00000000e+00 
 5.80500100e-03 -2.11154802e+00  5.80500100e-03  0.00000000e+00 
 5.81500100e-03 -2.08595350e+00  5.81500100e-03  0.00000000e+00 
 5.82500100e-03 -2.06066921e+00  5.82500100e-03  0.00000000e+00 
 5.83500100e-03 -2.03569140e+00  5.83500100e-03  0.00000000e+00 
 5.84500100e-03 -2.01101635e+00  5.84500100e-03  0.00000000e+00 
 5.85500100e-03 -1.98664040e+00  5.85500100e-03  0.00000000e+00 
 5.86500100e-03 -1.96255991e+00  5.86500100e-03  0.00000000e+00 
 5.87500100e-03 -1.93877130e+00  5.87500100e-03  0.00000000e+00 
 5.88500100e-03 -1.91527105e+00  5.88500100e-03  0.00000000e+00 
 5.89500100e-03 -1.89205564e+00  5.89500100e-03  0.00000000e+00 
 5.90500100e-03 -1.86912163e+00  5.90500100e-03  0.00000000e+00 
 5.91500100e-03 -1.84646561e+00  5.91500100e-03  0.00000000e+00 
 5.92500100e-03 -1.82408421e+00  5.92500100e-03  0.00000000e+00 
 5.93500100e-03 -1.80197410e+00  5.93500100e-03  0.00000000e+00 
 5.94500100e-03 -1.78013199e+00  5.94500100e-03  0.00000000e+00 
 5.95500100e-03 -1.75855463e+00  5.95500100e-03  0.00000000e+00 
 5.96500100e-03 -1.73723882e+00  5.96500100e-03  0.00000000e+00 
 5.97500100e-03 -1.71618138e+00  5.97500100e-03  0.00000000e+00 
 5.98500100e-03 -1.69537918e+00  5.98500100e-03  0.00000000e+00 
 5.99500100e-03 -1.67482913e+00  5.99500100e-03  0.00000000e+00 
 6.00500100e-03 -1.65452817e+00  6.00500100e-03  0.00000000e+00 
 6.01500100e-03 -1.63447328e+00  6.01500100e-03  0.00000000e+00 
 6.02500100e-03 -1.61466148e+00  6.02500100e-03  0.00000000e+00 
 6.03500100e-03 -1.59508983e+00  6.03500100e-03  0.00000000e+00 
 6.04500100e-03 -1.57575541e+00  6.04500100e-03  0.00000000e+00 
 6.05500100e-03 -1.55665534e+00  6.05500100e-03  0.00000000e+00 
 6.06500100e-03 -1.53778679e+00  6.06500100e-03  0.00000000e+00 
 6.07500100e-03 -1.51914695e+00  6.07500100e-03  0.00000000e+00 
 6.08500100e-03 -1.50073305e+00  6.08500100e-03  0.00000000e+00 
 6.09500100e-03 -1.48254235e+00  6.09500100e-03  0.00000000e+00 
 6.10500100e-03 -1.46457214e+00  6.10500100e-03  0.00000000e+00 
 6.11500100e-03 -1.44681975e+00  6.11500100e-03  0.00000000e+00 
 6.12500100e-03 -1.42928254e+00  6.12500100e-03  0.00000000e+00 
 6.13500100e-03 -1.41195790e+00  6.13500100e-03  0.00000000e+00 
 6.14500100e-03 -1.39484326e+00  6.14500100e-03  0.00000000e+00 
 6.15500100e-03 -1.37793607e+00  6.15500100e-03  0.00000000e+00 
 6.16500100e-03 -1.36123381e+00  6.16500100e-03  0.00000000e+00 
 6.17500100e-03 -1.34473401e+00  6.17500100e-03  0.00000000e+00 
 6.18500100e-03 -1.32843420e+00  6.18500100e-03  0.00000000e+00 
 6.19500100e-03 -1.31233197e+00  6.19500100e-03  0.00000000e+00 
 6.20500100e-03 -1.29642492e+00  6.20500100e-03  0.00000000e+00 
 6.21500100e-03 -1.28071068e+00  6.21500100e-03  0.00000000e+00 
 6.22500100e-03 -1.26518691e+00  6.22500100e-03  0.00000000e+00 
 6.23500100e-03 -1.24985131e+00  6.23500100e-03  0.00000000e+00 
 6.24500100e-03 -1.23470160e+00  6.24500100e-03  0.00000000e+00 
 6.25500100e-03 -1.21973552e+00  6.25500100e-03  0.00000000e+00 
 6.26500100e-03 -1.20495084e+00  6.26500100e-03  0.00000000e+00 
 6.27500100e-03 -1.19034538e+00  6.27500100e-03  0.00000000e+00 
 6.28500100e-03 -1.17591695e+00  6.28500100e-03  0.00000000e+00 
 6.29500100e-03 -1.16166341e+00  6.29500100e-03  0.00000000e+00 
 6.30500100e-03 -1.14758264e+00  6.30500100e-03  0.00000000e+00 
 6.31500100e-03 -1.13367255e+00  6.31500100e-03  0.00000000e+00 
 6.32500100e-03 -1.11993107e+00  6.32500100e-03  0.00000000e+00 
 6.33500100e-03 -1.10635614e+00  6.33500100e-03  0.00000000e+00 
 6.34500100e-03 -1.09294577e+00  6.34500100e-03  0.00000000e+00 
 6.35500100e-03 -1.07969794e+00  6.35500100e-03  0.00000000e+00 
 6.36500100e-03 -1.06661069e+00  6.36500100e-03  0.00000000e+00 
 6.37500100e-03 -1.05368208e+00  6.37500100e-03  0.00000000e+00 
 6.38500100e-03 -1.04091017e+00  6.38500100e-03  0.00000000e+00 
 6.39500100e-03 -1.02829308e+00  6.39500100e-03  0.00000000e+00 
 6.40500100e-03 -1.01582892e+00  6.40500100e-03  0.00000000e+00 
 6.41500100e-03 -1.00351584e+00  6.41500100e-03  0.00000000e+00 
 6.42500100e-03 -9.91352015e-01  6.42500100e-03  0.00000000e+00 
 6.43500100e-03 -9.79335627e-01  6.43500100e-03  0.00000000e+00 
 6.44500100e-03 -9.67464892e-01  6.44500100e-03  0.00000000e+00 
 6.45500100e-03 -9.55738045e-01  6.45500100e-03  0.00000000e+00 
 6.46500100e-03 -9.44153341e-01  6.46500100e-03  0.00000000e+00 
 6.47500100e-03 -9.32709058e-01  6.47500100e-03  0.00000000e+00 
 6.48500100e-03 -9.21403494e-01  6.48500100e-03  0.00000000e+00 
 6.49500100e-03 -9.10234967e-01  6.49500100e-03  0.00000000e+00 
 6.50500100e-03 -8.99201816e-01  6.50500100e-03  0.00000000e+00 
 6.51500100e-03 -8.88302400e-01  6.51500100e-03  0.00000000e+00 
 6.52500100e-03 -8.77535098e-01  6.52500100e-03  0.00000000e+00 
 6.53500100e-03 -8.66898309e-01  6.53500100e-03  0.00000000e+00 
 6.54500100e-03 -8.56390450e-01  6.54500100e-03  0.00000000e+00 
 6.55500100e-03 -8.46009960e-01  6.55500100e-03  0.00000000e+00 
 6.56500100e-03 -8.35755294e-01  6.56500100e-03  0.00000000e+00 
 6.57500100e-03 -8.25624927e-01  6.57500100e-03  0.00000000e+00 
 6.58500100e-03 -8.15617352e-01  6.58500100e-03  0.00000000e+00 
 6.59500100e-03 -8.05731081e-01  6.59500100e-03  0.00000000e+00 
 6.60500100e-03 -7.95964644e-01  6.60500100e-03  0.00000000e+00 
 6.61500100e-03 -7.86316587e-01  6.61500100e-03  0.00000000e+00 
 6.62500100e-03 -7.76785477e-01  6.62500100e-03  0.00000000e+00 
 6.63500100e-03 -7.67369896e-01  6.63500100e-03  0.00000000e+00 
 6.64500100e-03 -7.58068442e-01  6.64500100e-03  0.00000000e+00 
 6.65500100e-03 -7.48879734e-01  6.65500100e-03  0.00000000e+00 
 6.66500100e-03 -7.39802404e-01  6.66500100e-03  0.00000000e+00 
 6.67500100e-03 -7.30835102e-01  6.67500100e-03  0.00000000e+00 
 6.68500100e-03 -7.21976495e-01  6.68500100e-03  0.00000000e+00 
 6.69500100e-03 -7.13225264e-01  6.69500100e-03  0.00000000e+00 
 6.70500100e-03 -7.04580110e-01  6.70500100e-03  0.00000000e+00 
 6.71500100e-03 -6.96039745e-01  6.71500100e-03  0.00000000e+00 
 6.72500100e-03 -6.87602899e-01  6.72500100e-03  0.00000000e+00 
 6.73500100e-03 -6.79268319e-01  6.73500100e-03  0.00000000e+00 
 6.74500100e-03 -6.71034763e-01  6.74500100e-03  0.00000000e+00 
 6.75500100e-03 -6.62901009e-01  6.75500100e-03  0.00000000e+00 
 6.76500100e-03 -6.54865845e-01  6.76500100e-03  0.00000000e+00 
 6.77500100e-03 -6.46928077e-01  6.77500100e-03  0.00000000e+00 
 6.78500100e-03 -6.39086525e-01  6.78500100e-03  0.00000000e+00 
 6.79500100e-03 -6.31340021e-01  6.79500100e-03  0.00000000e+00 
 6.80500100e-03 -6.23687415e-01  6.80500100e-03  0.00000000e+00 
 6.81500100e-03 -6.16127568e-01  6.81500100e-03  0.00000000e+00 
 6.82500100e-03 -6.08659355e-01  6.82500100e-03  0.00000000e+00 
 6.83500100e-03 -6.01281666e-01  6.83500100e-03  0.00000000e+00 
 6.84500100e-03 -5.93993403e-01  6.84500100e-03  0.00000000e+00 
 6.85500100e-03 -5.86793483e-01  6.85500100e-03  0.00000000e+00 
 6.86500100e-03 -5.79680835e-01  6.86500100e-03  0.00000000e+00 
 6.87500100e-03 -5.72654400e-01  6.87500100e-03  0.00000000e+00 
 6.88500100e-03 -5.65713135e-01  6.88500100e-03  0.00000000e+00 
 6.89500100e-03 -5.58856006e-01  6.89500100e-03  0.00000000e+00 
 6.90500100e-03 -5.52081994e-01  6.90500100e-03  0.00000000e+00 
 6.91500100e-03 -5.45390091e-01  6.91500100e-03  0.00000000e+00 
 6.92500100e-03 -5.38779302e-01  6.92500100e-03  0.00000000e+00 
 6.93500100e-03 -5.32248644e-01  6.93500100e-03  0.00000000e+00 
 6.94500100e-03 -5.25797145e-01  6.94500100e-03  0.00000000e+00 
 6.95500100e-03 -5.19423846e-01  6.95500100e-03  0.00000000e+00 
 6.96500100e-03 -5.13127799e-01  6.96500100e-03  0.00000000e+00 
 6.97500100e-03 -5.06908069e-01  6.97500100e-03  0.00000000e+00 
 6.98500100e-03 -5.00763728e-01  6.98500100e-03  0.00000000e+00 
 6.99500100e-03 -4.94693865e-01  6.99500100e-03  0.00000000e+00 
 7.00500100e-03 -4.88697576e-01  7.00500100e-03  0.00000000e+00 
 7.01500100e-03 -4.82773969e-01  7.01500100e-03  0.00000000e+00 
 7.02500100e-03 -4.76922163e-01  7.02500100e-03  0.00000000e+00 
 7.03500100e-03 -4.71141288e-01  7.03500100e-03  0.00000000e+00 
 7.04500100e-03 -4.65430485e-01  7.04500100e-03  0.00000000e+00 
 7.05500100e-03 -4.59788903e-01  7.05500100e-03  0.00000000e+00 
 7.06500100e-03 -4.54215704e-01  7.06500100e-03  0.00000000e+00 
 7.07500100e-03 -4.48710059e-01  7.07500100e-03  0.00000000e+00 
 7.08500100e-03 -4.43271150e-01  7.08500100e-03  0.00000000e+00 
 7.09500100e-03 -4.37898166e-01  7.09500100e-03  0.00000000e+00 
 7.10500100e-03 -4.32590309e-01  7.10500100e-03  0.00000000e+00 
 7.11500100e-03 -4.27346791e-01  7.11500100e-03  0.00000000e+00 
 7.12500100e-03 -4.22166829e-01  7.12500100e-03  0.00000000e+00 
 7.13500100e-03 -4.17049656e-01  7.13500100e-03  0.00000000e+00 
 7.14500100e-03 -4.11994508e-01  7.14500100e-03  0.00000000e+00 
 7.15500100e-03 -4.07000636e-01  7.15500100e-03  0.00000000e+00 
 7.16500100e-03 -4.02067295e-01  7.16500100e-03  0.00000000e+00 
 7.17500100e-03 -3.97193752e-01  7.17500100e-03  0.00000000e+00 
 7.18500100e-03 -3.92379282e-01  7.18500100e-03  0.00000000e+00 
 7.19500100e-03 -3.87623169e-01  7.19500100e-03  0.00000000e+00 
 7.20500100e-03 -3.82924707e-01  7.20500100e-03  0.00000000e+00 
 7.21500100e-03 -3.78283195e-01  7.21500100e-03  0.00000000e+00 
 7.22500100e-03 -3.73697944e-01  7.22500100e-03  0.00000000e+00 
 7.23500100e-03 -3.69168272e-01  7.23500100e-03  0.00000000e+00 
 7.24500100e-03 -3.64693505e-01  7.24500100e-03  0.00000000e+00 
 7.25500100e-03 -3.60272978e-01  7.25500100e-03  0.00000000e+00 
 7.26500100e-03 -3.55906033e-01  7.26500100e-03  0.00000000e+00 
 7.27500100e-03 -3.51592020e-01  7.27500100e-03  0.00000000e+00 
 7.28500100e-03 -3.47330299e-01  7.28500100e-03  0.00000000e+00 
 7.29500100e-03 -3.43120235e-01  7.29500100e-03  0.00000000e+00 
 7.30500100e-03 -3.38961201e-01  7.30500100e-03  0.00000000e+00 
 7.31500100e-03 -3.34852581e-01  7.31500100e-03  0.00000000e+00 
 7.32500100e-03 -3.30793762e-01  7.32500100e-03  0.00000000e+00 
 7.33500100e-03 -3.26784140e-01  7.33500100e-03  0.00000000e+00 
 7.34500100e-03 -3.22823120e-01  7.34500100e-03  0.00000000e+00 
 7.35500100e-03 -3.18910113e-01  7.35500100e-03  0.00000000e+00 
 7.36500100e-03 -3.15044536e-01  7.36500100e-03  0.00000000e+00 
 7.37500100e-03 -3.11225814e-01  7.37500100e-03  0.00000000e+00 
 7.38500100e-03 -3.07453380e-01  7.38500100e-03  0.00000000e+00 
 7.39500100e-03 -3.03726672e-01  7.39500100e-03  0.00000000e+00 
 7.40500100e-03 -3.00045137e-01  7.40500100e-03  0.00000000e+00 
 7.41500100e-03 -2.96408226e-01  7.41500100e-03  0.00000000e+00 
 7.42500100e-03 -2.92815399e-01  7.42500100e-03  0.00000000e+00 
 7.43500100e-03 -2.89266122e-01  7.43500100e-03  0.00000000e+00 
 7.44500100e-03 -2.85759866e-01  7.44500100e-03  0.00000000e+00 
 7.45500100e-03 -2.82296110e-01  7.45500100e-03  0.00000000e+00 
 7.46500100e-03 -2.78874339e-01  7.46500100e-03  0.00000000e+00 
 7.47500100e-03 -2.75494044e-01  7.47500100e-03  0.00000000e+00 
 7.48500100e-03 -2.72154722e-01  7.48500100e-03  0.00000000e+00 
 7.49500100e-03 -2.68855877e-01  7.49500100e-03  0.00000000e+00 
 7.50500100e-03 -2.65597018e-01  7.50500100e-03  0.00000000e+00 
 7.51500100e-03 -2.62377660e-01  7.51500100e-03  0.00000000e+00 
 7.52500100e-03 -2.59197325e-01  7.52500100e-03  0.00000000e+00 
 7.53500100e-03 -2.56055539e-01  7.53500100e-03  0.00000000e+00 
 7.54500100e-03 -2.52951835e-01  7.54500100e-03  0.00000000e+00 
 7.55500100e-03 -2.49885753e-01  7.55500100e-03  0.00000000e+00 
 7.56500100e-03 -2.46856834e-01  7.56500100e-03  0.00000000e+00 
 7.57500100e-03 -2.43864630e-01  7.57500100e-03  0.00000000e+00 
 7.58500100e-03 -2.40908695e-01  7.58500100e-03  0.00000000e+00 
 7.59500100e-03 -2.37988590e-01  7.59500100e-03  0.00000000e+00 
 7.60500100e-03 -2.35103880e-01  7.60500100e-03  0.00000000e+00 
 7.61500100e-03 -2.32254136e-01  7.61500100e-03  0.00000000e+00 
 7.62500100e-03 -2.29438934e-01  7.62500100e-03  0.00000000e+00 
 7.63500100e-03 -2.26657856e-01  7.63500100e-03  0.00000000e+00 
 7.64500100e-03 -2.23910488e-01  7.64500100e-03  0.00000000e+00 
 7.65500100e-03 -2.21196422e-01  7.65500100e-03  0.00000000e+00 
 7.66500100e-03 -2.18515253e-01  7.66500100e-03  0.00000000e+00 
 7.67500100e-03 -2.15866583e-01  7.67500100e-03  0.00000000e+00 
 7.68500100e-03 -2.13250019e-01  7.68500100e-03  0.00000000e+00 
 7.69500100e-03 -2.10665170e-01  7.69500100e-03  0.00000000e+00 
 7.70500100e-03 -2.08111653e-01  7.70500100e-03  0.00000000e+00 
 7.71500100e-03 -2.05589087e-01  7.71500100e-03  0.00000000e+00 
 7.72500100e-03 -2.03097098e-01  7.72500100e-03  0.00000000e+00 
 7.73500100e-03 -2.00635315e-01  7.73500100e-03  0.00000000e+00 
 7.74500100e-03 -1.98203372e-01  7.74500100e-03  0.00000000e+00 
 7.75500100e-03 -1.95800907e-01  7.75500100e-03  0.00000000e+00 
 7.76500100e-03 -1.93427563e-01  7.76500100e-03  0.00000000e+00 
 7.77500100e-03 -1.91082986e-01  7.77500100e-03  0.00000000e+00 
 7.78500100e-03 -1.88766829e-01  7.78500100e-03  0.00000000e+00 
 7.79500100e-03 -1.86478746e-01  7.79500100e-03  0.00000000e+00 
 7.80500100e-03 -1.84218397e-01  7.80500100e-03  0.00000000e+00 
 7.81500100e-03 -1.81985447e-01  7.81500100e-03  0.00000000e+00 
 7.82500100e-03 -1.79779563e-01  7.82500100e-03  0.00000000e+00 
 7.83500100e-03 -1.77600417e-01  7.83500100e-03  0.00000000e+00 
 7.84500100e-03 -1.75447684e-01  7.84500100e-03  0.00000000e+00 
 7.85500100e-03 -1.73321046e-01  7.85500100e-03  0.00000000e+00 
 7.86500100e-03 -1.71220185e-01  7.86500100e-03  0.00000000e+00 
 7.87500100e-03 -1.69144788e-01  7.87500100e-03  0.00000000e+00 
 7.88500100e-03 -1.67094549e-01  7.88500100e-03  0.00000000e+00 
 7.89500100e-03 -1.65069160e-01  7.89500100e-03  0.00000000e+00 
 7.90500100e-03 -1.63068322e-01  7.90500100e-03  0.00000000e+00 
 7.91500100e-03 -1.61091736e-01  7.91500100e-03  0.00000000e+00 
 7.92500100e-03 -1.59139109e-01  7.92500100e-03  0.00000000e+00 
 7.93500100e-03 -1.57210150e-01  7.93500100e-03  0.00000000e+00 
 7.94500100e-03 -1.55304573e-01  7.94500100e-03  0.00000000e+00 
 7.95500100e-03 -1.53422093e-01  7.95500100e-03  0.00000000e+00 
 7.96500100e-03 -1.51562431e-01  7.96500100e-03  0.00000000e+00 
 7.97500100e-03 -1.49725311e-01  7.97500100e-03  0.00000000e+00 
 7.98500100e-03 -1.47910458e-01  7.98500100e-03  0.00000000e+00 
 7.99500100e-03 -1.46117604e-01  7.99500100e-03  0.00000000e+00 
 8.00000000e-03 -1.45229529e-01  8.00000000e-03  0.00000000e+00 
