 0.00000000e+00  0.00000000e+00  0.00000000e+00  0.00000000e+00 
 1.00000000e-07  0.00000000e+00  1.00000000e-07  0.00000000e+00 
 2.00000000e-07  0.00000000e+00  2.00000000e-07  0.00000000e+00 
 4.00000000e-07  0.00000000e+00  4.00000000e-07  0.00000000e+00 
 8.00000000e-07  0.00000000e+00  8.00000000e-07  0.00000000e+00 
 1.60000000e-06  0.00000000e+00  1.60000000e-06  0.00000000e+00 
 3.20000000e-06  0.00000000e+00  3.20000000e-06  0.00000000e+00 
 6.40000000e-06  0.00000000e+00  6.40000000e-06  0.00000000e+00 
 1.28000000e-05  0.00000000e+00  1.28000000e-05  0.00000000e+00 
 2.28000000e-05  0.00000000e+00  2.28000000e-05  0.00000000e+00 
 3.28000000e-05  0.00000000e+00  3.28000000e-05  0.00000000e+00 
 4.28000000e-05  0.00000000e+00  4.28000000e-05  0.00000000e+00 
 5.28000000e-05  0.00000000e+00  5.28000000e-05  0.00000000e+00 
 6.28000000e-05  0.00000000e+00  6.28000000e-05  0.00000000e+00 
 7.28000000e-05  0.00000000e+00  7.28000000e-05  0.00000000e+00 
 8.28000000e-05  0.00000000e+00  8.28000000e-05  0.00000000e+00 
 9.28000000e-05  0.00000000e+00  9.28000000e-05  0.00000000e+00 
 1.00000000e-04  0.00000000e+00  1.00000000e-04  0.00000000e+00 
 1.00000100e-04  4.99999939e-01  1.00000100e-04  5.00000000e-01 
 1.00000300e-04  1.49999970e+00  1.00000300e-04  1.50000000e+00 
 1.00000700e-04  3.49999848e+00  1.00000700e-04  3.50000000e+00 
 1.00001000e-04  4.99999692e+00  1.00001000e-04  5.00000000e+00 
 1.00001050e-04  4.99999662e+00  1.00001050e-04  5.00000000e+00 
 1.00001149e-04  4.99999601e+00  1.00001149e-04  5.00000000e+00 
 1.00001348e-04  4.99999480e+00  1.00001348e-04  5.00000000e+00 
 1.00001745e-04  4.99999238e+00  1.00001745e-04  5.00000000e+00 
 1.00002541e-04  4.99998753e+00  1.00002541e-04  5.00000000e+00 
 1.00004131e-04  4.99997783e+00  1.00004131e-04  5.00000000e+00 
 1.00007311e-04  4.99995844e+00  1.00007311e-04  5.00000000e+00 
 1.00013672e-04  4.99991965e+00  1.00013672e-04  5.00000000e+00 
 1.00026394e-04  4.99984208e+00  1.00026394e-04  5.00000000e+00 
 1.00051838e-04  4.99968694e+00  1.00051838e-04  5.00000000e+00 
 1.00102726e-04  4.99937668e+00  1.00102726e-04  5.00000000e+00 
 1.00204501e-04  4.99875621e+00  1.00204501e-04  5.00000000e+00 
 1.00408052e-04  4.99751551e+00  1.00408052e-04  5.00000000e+00 
 1.00815155e-04  4.99503503e+00  1.00815155e-04  5.00000000e+00 
 1.01629359e-04  4.99007776e+00  1.01629359e-04  5.00000000e+00 
 1.03257768e-04  4.98017797e+00  1.03257768e-04  5.00000000e+00 
 1.06514585e-04  4.96043726e+00  1.06514585e-04  5.00000000e+00 
 1.13028220e-04  4.92119012e+00  1.13028220e-04  5.00000000e+00 
 1.23028220e-04  4.86153933e+00  1.23028220e-04  5.00000000e+00 
 1.33028220e-04  4.80261158e+00  1.33028220e-04  5.00000000e+00 
 1.43028220e-04  4.74439811e+00  1.43028220e-04  5.00000000e+00 
 1.53028220e-04  4.68689025e+00  1.53028220e-04  5.00000000e+00 
 1.63028220e-04  4.63007946e+00  1.63028220e-04  5.00000000e+00 
 1.73028220e-04  4.57395728e+00  1.73028220e-04  5.00000000e+00 
 1.83028220e-04  4.51851538e+00  1.83028220e-04  5.00000000e+00 
 1.93028220e-04  4.46374550e+00  1.93028220e-04  5.00000000e+00 
 2.03028220e-04  4.40963949e+00  2.03028220e-04  5.00000000e+00 
 2.13028220e-04  4.35618931e+00  2.13028220e-04  5.00000000e+00 
 2.23028220e-04  4.30338702e+00  2.23028220e-04  5.00000000e+00 
 2.33028220e-04  4.25122475e+00  2.33028220e-04  5.00000000e+00 
 2.43028220e-04  4.19969475e+00  2.43028220e-04  5.00000000e+00 
 2.53028220e-04  4.14878936e+00  2.53028220e-04  5.00000000e+00 
 2.63028220e-04  4.09850101e+00  2.63028220e-04  5.00000000e+00 
 2.73028220e-04  4.04882221e+00  2.73028220e-04  5.00000000e+00 
 2.83028220e-04  3.99974558e+00  2.83028220e-04  5.00000000e+00 
 2.93028220e-04  3.95126381e+00  2.93028220e-04  5.00000000e+00 
 3.03028220e-04  3.90336970e+00  3.03028220e-04  5.00000000e+00 
 3.13028220e-04  3.85605613e+00  3.13028220e-04  5.00000000e+00 
 3.23028220e-04  3.80931606e+00  3.23028220e-04  5.00000000e+00 
 3.33028220e-04  3.76314253e+00  3.33028220e-04  5.00000000e+00 
 3.43028220e-04  3.71752868e+00  3.43028220e-04  5.00000000e+00 
 3.53028220e-04  3.67246773e+00  3.53028220e-04  5.00000000e+00 
 3.63028220e-04  3.62795297e+00  3.63028220e-04  5.00000000e+00 
 3.73028220e-04  3.58397778e+00  3.73028220e-04  5.00000000e+00 
 3.83028220e-04  3.54053562e+00  3.83028220e-04  5.00000000e+00 
 3.93028220e-04  3.49762004e+00  3.93028220e-04  5.00000000e+00 
 4.03028220e-04  3.45522465e+00  4.03028220e-04  5.00000000e+00 
 4.13028220e-04  3.41334314e+00  4.13028220e-04  5.00000000e+00 
 4.23028220e-04  3.37196928e+00  4.23028220e-04  5.00000000e+00 
 4.33028220e-04  3.33109692e+00  4.33028220e-04  5.00000000e+00 
 4.43028220e-04  3.29071999e+00  4.43028220e-04  5.00000000e+00 
 4.53028220e-04  3.25083248e+00  4.53028220e-04  5.00000000e+00 
 4.63028220e-04  3.21142845e+00  4.63028220e-04  5.00000000e+00 
 4.73028220e-04  3.17250204e+00  4.73028220e-04  5.00000000e+00 
 4.83028220e-04  3.13404747e+00  4.83028220e-04  5.00000000e+00 
 4.93028220e-04  3.09605902e+00  4.93028220e-04  5.00000000e+00 
 5.03028220e-04  3.05853103e+00  5.03028220e-04  5.00000000e+00 
 5.13028220e-04  3.02145793e+00  5.13028220e-04  5.00000000e+00 
 5.23028220e-04  2.98483419e+00  5.23028220e-04  5.00000000e+00 
 5.33028220e-04  2.94865438e+00  5.33028220e-04  5.00000000e+00 
 5.43028220e-04  2.91291312e+00  5.43028220e-04  5.00000000e+00 
 5.53028220e-04  2.87760508e+00  5.53028220e-04  5.00000000e+00 
 5.63028220e-04  2.84272502e+00  5.63028220e-04  5.00000000e+00 
 5.73028220e-04  2.80826775e+00  5.73028220e-04  5.00000000e+00 
 5.83028220e-04  2.77422814e+00  5.83028220e-04  5.00000000e+00 
 5.93028220e-04  2.74060113e+00  5.93028220e-04  5.00000000e+00 
 6.03028220e-04  2.70738172e+00  6.03028220e-04  5.00000000e+00 
 6.13028220e-04  2.67456497e+00  6.13028220e-04  5.00000000e+00 
 6.23028220e-04  2.64214601e+00  6.23028220e-04  5.00000000e+00 
 6.33028220e-04  2.61011999e+00  6.33028220e-04  5.00000000e+00 
 6.43028220e-04  2.57848217e+00  6.43028220e-04  5.00000000e+00 
 6.53028220e-04  2.54722785e+00  6.53028220e-04  5.00000000e+00 
 6.63028220e-04  2.51635236e+00  6.63028220e-04  5.00000000e+00 
 6.73028220e-04  2.48585112e+00  6.73028220e-04  5.00000000e+00 
 6.83028220e-04  2.45571959e+00  6.83028220e-04  5.00000000e+00 
 6.93028220e-04  2.42595329e+00  6.93028220e-04  5.00000000e+00 
 7.03028220e-04  2.39654779e+00  7.03028220e-04  5.00000000e+00 
 7.13028220e-04  2.36749873e+00  7.13028220e-04  5.00000000e+00 
 7.23028220e-04  2.33880178e+00  7.23028220e-04  5.00000000e+00 
 7.33028220e-04  2.31045266e+00  7.33028220e-04  5.00000000e+00 
 7.43028220e-04  2.28244718e+00  7.43028220e-04  5.00000000e+00 
 7.53028220e-04  2.25478115e+00  7.53028220e-04  5.00000000e+00 
 7.63028220e-04  2.22745047e+00  7.63028220e-04  5.00000000e+00 
 7.73028220e-04  2.20045107e+00  7.73028220e-04  5.00000000e+00 
 7.83028220e-04  2.17377894e+00  7.83028220e-04  5.00000000e+00 
 7.93028220e-04  2.14743010e+00  7.93028220e-04  5.00000000e+00 
 8.03028220e-04  2.12140064e+00  8.03028220e-04  5.00000000e+00 
 8.13028220e-04  2.09568670e+00  8.13028220e-04  5.00000000e+00 
 8.23028220e-04  2.07028443e+00  8.23028220e-04  5.00000000e+00 
 8.33028220e-04  2.04519008e+00  8.33028220e-04  5.00000000e+00 
 8.43028220e-04  2.02039989e+00  8.43028220e-04  5.00000000e+00 
 8.53028220e-04  1.99591020e+00  8.53028220e-04  5.00000000e+00 
 8.63028220e-04  1.97171735e+00  8.63028220e-04  5.00000000e+00 
 8.73028220e-04  1.94781774e+00  8.73028220e-04  5.00000000e+00 
 8.83028220e-04  1.92420783e+00  8.83028220e-04  5.00000000e+00 
 8.93028220e-04  1.90088410e+00  8.93028220e-04  5.00000000e+00 
 9.03028220e-04  1.87784308e+00  9.03028220e-04  5.00000000e+00 
 9.13028220e-04  1.85508135e+00  9.13028220e-04  5.00000000e+00 
 9.23028220e-04  1.83259551e+00  9.23028220e-04  5.00000000e+00 
 9.33028220e-04  1.81038223e+00  9.33028220e-04  5.00000000e+00 
 9.43028220e-04  1.78843821e+00  9.43028220e-04  5.00000000e+00 
 9.53028220e-04  1.76676017e+00  9.53028220e-04  5.00000000e+00 
 9.63028220e-04  1.74534489e+00  9.63028220e-04  5.00000000e+00 
 9.73028220e-04  1.72418920e+00  9.73028220e-04  5.00000000e+00 
 9.83028220e-04  1.70328993e+00  9.83028220e-04  5.00000000e+00 
 9.93028220e-04  1.68264400e+00  9.93028220e-04  5.00000000e+00 
 1.00302822e-03  1.66224831e+00  1.00302822e-03  5.00000000e+00 
 1.01302822e-03  1.64209985e+00  1.01302822e-03  5.00000000e+00 
 1.02302822e-03  1.62219561e+00  1.02302822e-03  5.00000000e+00 
 1.03302822e-03  1.60253263e+00  1.03302822e-03  5.00000000e+00 
 1.04302822e-03  1.58310799e+00  1.04302822e-03  5.00000000e+00 
 1.05302822e-03  1.56391880e+00  1.05302822e-03  5.00000000e+00 
 1.06302822e-03  1.54496221e+00  1.06302822e-03  5.00000000e+00 
 1.07302822e-03  1.52623540e+00  1.07302822e-03  5.00000000e+00 
 1.08302822e-03  1.50773557e+00  1.08302822e-03  5.00000000e+00 
 1.09302822e-03  1.48945999e+00  1.09302822e-03  5.00000000e+00 
 1.10302822e-03  1.47140593e+00  1.10302822e-03  5.00000000e+00 
 1.11302822e-03  1.45357071e+00  1.11302822e-03  5.00000000e+00 
 1.12302822e-03  1.43595167e+00  1.12302822e-03  5.00000000e+00 
 1.13302822e-03  1.41854619e+00  1.13302822e-03  5.00000000e+00 
 1.14302822e-03  1.40135169e+00  1.14302822e-03  5.00000000e+00 
 1.15302822e-03  1.38436561e+00  1.15302822e-03  5.00000000e+00 
 1.16302822e-03  1.36758542e+00  1.16302822e-03  5.00000000e+00 
 1.17302822e-03  1.35100863e+00  1.17302822e-03  5.00000000e+00 
 1.18302822e-03  1.33463277e+00  1.18302822e-03  5.00000000e+00 
 1.19302822e-03  1.31845540e+00  1.19302822e-03  5.00000000e+00 
 1.20302822e-03  1.30247412e+00  1.20302822e-03  5.00000000e+00 
 1.21302822e-03  1.28668656e+00  1.21302822e-03  5.00000000e+00 
 1.22302822e-03  1.27109036e+00  1.22302822e-03  5.00000000e+00 
 1.23302822e-03  1.25568320e+00  1.23302822e-03  5.00000000e+00 
 1.24302822e-03  1.24046280e+00  1.24302822e-03  5.00000000e+00 
 1.25302822e-03  1.22542689e+00  1.25302822e-03  5.00000000e+00 
 1.26302822e-03  1.21057323e+00  1.26302822e-03  5.00000000e+00 
 1.27302822e-03  1.19589961e+00  1.27302822e-03  5.00000000e+00 
 1.28302822e-03  1.18140386e+00  1.28302822e-03  5.00000000e+00 
 1.29302822e-03  1.16708381e+00  1.29302822e-03  5.00000000e+00 
 1.30302822e-03  1.15293734e+00  1.30302822e-03  5.00000000e+00 
 1.31302822e-03  1.13896234e+00  1.31302822e-03  5.00000000e+00 
 1.32302822e-03  1.12515674e+00  1.32302822e-03  5.00000000e+00 
 1.33302822e-03  1.11151848e+00  1.33302822e-03  5.00000000e+00 
 1.34302822e-03  1.09804553e+00  1.34302822e-03  5.00000000e+00 
 1.35302822e-03  1.08473588e+00  1.35302822e-03  5.00000000e+00 
 1.36302822e-03  1.07158757e+00  1.36302822e-03  5.00000000e+00 
 1.37302822e-03  1.05859863e+00  1.37302822e-03  5.00000000e+00 
 1.38302822e-03  1.04576713e+00  1.38302822e-03  5.00000000e+00 
 1.39302822e-03  1.03309117e+00  1.39302822e-03  5.00000000e+00 
 1.40302822e-03  1.02056885e+00  1.40302822e-03  5.00000000e+00 
 1.41302822e-03  1.00819832e+00  1.41302822e-03  5.00000000e+00 
 1.42302822e-03  9.95977731e-01  1.42302822e-03  5.00000000e+00 
 1.43302822e-03  9.83905274e-01  1.43302822e-03  5.00000000e+00 
 1.44302822e-03  9.71979149e-01  1.44302822e-03  5.00000000e+00 
 1.45302822e-03  9.60197584e-01  1.45302822e-03  5.00000000e+00 
 1.46302822e-03  9.48558825e-01  1.46302822e-03  5.00000000e+00 
 1.47302822e-03  9.37061143e-01  1.47302822e-03  5.00000000e+00 
 1.48302822e-03  9.25702826e-01  1.48302822e-03  5.00000000e+00 
 1.49302822e-03  9.14482185e-01  1.49302822e-03  5.00000000e+00 
 1.50302822e-03  9.03397553e-01  1.50302822e-03  5.00000000e+00 
 1.51302822e-03  8.92447279e-01  1.51302822e-03  5.00000000e+00 
 1.52302822e-03  8.81629737e-01  1.52302822e-03  5.00000000e+00 
 1.53302822e-03  8.70943316e-01  1.53302822e-03  5.00000000e+00 
 1.54302822e-03  8.60386427e-01  1.54302822e-03  5.00000000e+00 
 1.55302822e-03  8.49957501e-01  1.55302822e-03  5.00000000e+00 
 1.56302822e-03  8.39654985e-01  1.56302822e-03  5.00000000e+00 
 1.57302822e-03  8.29477349e-01  1.57302822e-03  5.00000000e+00 
 1.58302822e-03  8.19423078e-01  1.58302822e-03  5.00000000e+00 
 1.59302822e-03  8.09490677e-01  1.59302822e-03  5.00000000e+00 
 1.60302822e-03  7.99678669e-01  1.60302822e-03  5.00000000e+00 
 1.61302822e-03  7.89985594e-01  1.61302822e-03  5.00000000e+00 
 1.62302822e-03  7.80410011e-01  1.62302822e-03  5.00000000e+00 
 1.63302822e-03  7.70950496e-01  1.63302822e-03  5.00000000e+00 
 1.64302822e-03  7.61605642e-01  1.64302822e-03  5.00000000e+00 
 1.65302822e-03  7.52374058e-01  1.65302822e-03  5.00000000e+00 
 1.66302822e-03  7.43254373e-01  1.66302822e-03  5.00000000e+00 
 1.67302822e-03  7.34245229e-01  1.67302822e-03  5.00000000e+00 
 1.68302822e-03  7.25345286e-01  1.68302822e-03  5.00000000e+00 
 1.69302822e-03  7.16553222e-01  1.69302822e-03  5.00000000e+00 
 1.70302822e-03  7.07867729e-01  1.70302822e-03  5.00000000e+00 
 1.71302822e-03  6.99287514e-01  1.71302822e-03  5.00000000e+00 
 1.72302822e-03  6.90811302e-01  1.72302822e-03  5.00000000e+00 
 1.73302822e-03  6.82437831e-01  1.73302822e-03  5.00000000e+00 
 1.74302822e-03  6.74165858e-01  1.74302822e-03  5.00000000e+00 
 1.75302822e-03  6.65994150e-01  1.75302822e-03  5.00000000e+00 
 1.76302822e-03  6.57921494e-01  1.76302822e-03  5.00000000e+00 
 1.77302822e-03  6.49946688e-01  1.77302822e-03  5.00000000e+00 
 1.78302822e-03  6.42068546e-01  1.78302822e-03  5.00000000e+00 
 1.79302822e-03  6.34285897e-01  1.79302822e-03  5.00000000e+00 
 1.80302822e-03  6.26597583e-01  1.80302822e-03  5.00000000e+00 
 1.81302822e-03  6.19002461e-01  1.81302822e-03  5.00000000e+00 
 1.82302822e-03  6.11499401e-01  1.82302822e-03  5.00000000e+00 
 1.83302822e-03  6.04087287e-01  1.83302822e-03  5.00000000e+00 
 1.84302822e-03  5.96765017e-01  1.84302822e-03  5.00000000e+00 
 1.85302822e-03  5.89531501e-01  1.85302822e-03  5.00000000e+00 
 1.86302822e-03  5.82385665e-01  1.86302822e-03  5.00000000e+00 
 1.87302822e-03  5.75326445e-01  1.87302822e-03  5.00000000e+00 
 1.88302822e-03  5.68352791e-01  1.88302822e-03  5.00000000e+00 
 1.89302822e-03  5.61463666e-01  1.89302822e-03  5.00000000e+00 
 1.90302822e-03  5.54658046e-01  1.90302822e-03  5.00000000e+00 
 1.91302822e-03  5.47934918e-01  1.91302822e-03  5.00000000e+00 
 1.92302822e-03  5.41293283e-01  1.92302822e-03  5.00000000e+00 
 1.93302822e-03  5.34732152e-01  1.93302822e-03  5.00000000e+00 
 1.94302822e-03  5.28250550e-01  1.94302822e-03  5.00000000e+00 
 1.95302822e-03  5.21847513e-01  1.95302822e-03  5.00000000e+00 
 1.96302822e-03  5.15522089e-01  1.96302822e-03  5.00000000e+00 
 1.97302822e-03  5.09273336e-01  1.97302822e-03  5.00000000e+00 
 1.98302822e-03  5.03100326e-01  1.98302822e-03  5.00000000e+00 
 1.99302822e-03  4.97002140e-01  1.99302822e-03  5.00000000e+00 
 2.00302822e-03  4.90977872e-01  2.00302822e-03  5.00000000e+00 
 2.01302822e-03  4.85026625e-01  2.01302822e-03  5.00000000e+00 
 2.02302822e-03  4.79147515e-01  2.02302822e-03  5.00000000e+00 
 2.03302822e-03  4.73339666e-01  2.03302822e-03  5.00000000e+00 
 2.04302822e-03  4.67602215e-01  2.04302822e-03  5.00000000e+00 
 2.05302822e-03  4.61934310e-01  2.05302822e-03  5.00000000e+00 
 2.06302822e-03  4.56335106e-01  2.06302822e-03  5.00000000e+00 
 2.07302822e-03  4.50803771e-01  2.07302822e-03  5.00000000e+00 
 2.08302822e-03  4.45339483e-01  2.08302822e-03  5.00000000e+00 
 2.09302822e-03  4.39941429e-01  2.09302822e-03  5.00000000e+00 
 2.10000100e-03  4.36216271e-01  2.10000100e-03  5.00000000e+00 
 2.10000110e-03 -6.37837212e-02  2.10000110e-03  4.50000000e+00 
 2.10000130e-03 -1.06378358e+00  2.10000130e-03  3.50000000e+00 
 2.10000170e-03 -3.06378258e+00  2.10000170e-03  1.50000000e+00 
 2.10000200e-03 -4.56378118e+00  2.10000200e-03  0.00000000e+00 
 2.10000208e-03 -4.56378073e+00  2.10000208e-03  0.00000000e+00 
 2.10000224e-03 -4.56377984e+00  2.10000224e-03  0.00000000e+00 
 2.10000256e-03 -4.56377806e+00  2.10000256e-03  0.00000000e+00 
 2.10000320e-03 -4.56377450e+00  2.10000320e-03  0.00000000e+00 
 2.10000448e-03 -4.56376738e+00  2.10000448e-03  0.00000000e+00 
 2.10000704e-03 -4.56375313e+00  2.10000704e-03  0.00000000e+00 
 2.10001216e-03 -4.56372463e+00  2.10001216e-03  0.00000000e+00 
 2.10002240e-03 -4.56366764e+00  2.10002240e-03  0.00000000e+00 
 2.10004288e-03 -4.56355366e+00  2.10004288e-03  0.00000000e+00 
 2.10008384e-03 -4.56332571e+00  2.10008384e-03  0.00000000e+00 
 2.10016576e-03 -4.56286985e+00  2.10016576e-03  0.00000000e+00 
 2.10032960e-03 -4.56195826e+00  2.10032960e-03  0.00000000e+00 
 2.10065728e-03 -4.56013562e+00  2.10065728e-03  0.00000000e+00 
 2.10131264e-03 -4.55649252e+00  2.10131264e-03  0.00000000e+00 
 2.10262336e-03 -4.54921507e+00  2.10262336e-03  0.00000000e+00 
 2.10524480e-03 -4.53469499e+00  2.10524480e-03  0.00000000e+00 
 2.11048768e-03 -4.50579365e+00  2.11048768e-03  0.00000000e+00 
 2.12048768e-03 -4.45117797e+00  2.12048768e-03  0.00000000e+00 
 2.13048768e-03 -4.39722430e+00  2.13048768e-03  0.00000000e+00 
 2.14048768e-03 -4.34392461e+00  2.14048768e-03  0.00000000e+00 
 2.15048768e-03 -4.29127098e+00  2.15048768e-03  0.00000000e+00 
 2.16048768e-03 -4.23925557e+00  2.16048768e-03  0.00000000e+00 
 2.17048768e-03 -4.18787065e+00  2.17048768e-03  0.00000000e+00 
 2.18048768e-03 -4.13710859e+00  2.18048768e-03  0.00000000e+00 
 2.19048768e-03 -4.08696182e+00  2.19048768e-03  0.00000000e+00 
 2.20048768e-03 -4.03742288e+00  2.20048768e-03  0.00000000e+00 
 2.21048768e-03 -3.98848443e+00  2.21048768e-03  0.00000000e+00 
 2.22048768e-03 -3.94013916e+00  2.22048768e-03  0.00000000e+00 
 2.23048768e-03 -3.89237990e+00  2.23048768e-03  0.00000000e+00 
 2.24048768e-03 -3.84519953e+00  2.24048768e-03  0.00000000e+00 
 2.25048768e-03 -3.79859106e+00  2.25048768e-03  0.00000000e+00 
 2.26048768e-03 -3.75254753e+00  2.26048768e-03  0.00000000e+00 
 2.27048768e-03 -3.70706210e+00  2.27048768e-03  0.00000000e+00 
 2.28048768e-03 -3.66212802e+00  2.28048768e-03  0.00000000e+00 
 2.29048768e-03 -3.61773859e+00  2.29048768e-03  0.00000000e+00 
 2.30048768e-03 -3.57388721e+00  2.30048768e-03  0.00000000e+00 
 2.31048768e-03 -3.53056736e+00  2.31048768e-03  0.00000000e+00 
 2.32048768e-03 -3.48777261e+00  2.32048768e-03  0.00000000e+00 
 2.33048768e-03 -3.44549658e+00  2.33048768e-03  0.00000000e+00 
 2.34048768e-03 -3.40373298e+00  2.34048768e-03  0.00000000e+00 
 2.35048768e-03 -3.36247561e+00  2.35048768e-03  0.00000000e+00 
 2.36048768e-03 -3.32171833e+00  2.36048768e-03  0.00000000e+00 
 2.37048768e-03 -3.28145508e+00  2.37048768e-03  0.00000000e+00 
 2.38048768e-03 -3.24167987e+00  2.38048768e-03  0.00000000e+00 
 2.39048768e-03 -3.20238678e+00  2.39048768e-03  0.00000000e+00 
 2.40048768e-03 -3.16356997e+00  2.40048768e-03  0.00000000e+00 
 2.41048768e-03 -3.12522367e+00  2.41048768e-03  0.00000000e+00 
 2.42048768e-03 -3.08734217e+00  2.42048768e-03  0.00000000e+00 
 2.43048768e-03 -3.04991984e+00  2.43048768e-03  0.00000000e+00 
 2.44048768e-03 -3.01295111e+00  2.44048768e-03  0.00000000e+00 
 2.45048768e-03 -2.97643049e+00  2.45048768e-03  0.00000000e+00 
 2.46048768e-03 -2.94035255e+00  2.46048768e-03  0.00000000e+00 
 2.47048768e-03 -2.90471191e+00  2.47048768e-03  0.00000000e+00 
 2.48048768e-03 -2.86950328e+00  2.48048768e-03  0.00000000e+00 
 2.49048768e-03 -2.83472142e+00  2.49048768e-03  0.00000000e+00 
 2.50048768e-03 -2.80036116e+00  2.50048768e-03  0.00000000e+00 
 2.51048768e-03 -2.76641739e+00  2.51048768e-03  0.00000000e+00 
 2.52048768e-03 -2.73288506e+00  2.52048768e-03  0.00000000e+00 
 2.53048768e-03 -2.69975918e+00  2.53048768e-03  0.00000000e+00 
 2.54048768e-03 -2.66703483e+00  2.54048768e-03  0.00000000e+00 
 2.55048768e-03 -2.63470713e+00  2.55048768e-03  0.00000000e+00 
 2.56048768e-03 -2.60277129e+00  2.56048768e-03  0.00000000e+00 
 2.57048768e-03 -2.57122254e+00  2.57048768e-03  0.00000000e+00 
 2.58048768e-03 -2.54005621e+00  2.58048768e-03  0.00000000e+00 
 2.59048768e-03 -2.50926765e+00  2.59048768e-03  0.00000000e+00 
 2.60048768e-03 -2.47885229e+00  2.60048768e-03  0.00000000e+00 
 2.61048768e-03 -2.44880559e+00  2.61048768e-03  0.00000000e+00 
 2.62048768e-03 -2.41912310e+00  2.62048768e-03  0.00000000e+00 
 2.63048768e-03 -2.38980039e+00  2.63048768e-03  0.00000000e+00 
 2.64048768e-03 -2.36083312e+00  2.64048768e-03  0.00000000e+00 
 2.65048768e-03 -2.33221696e+00  2.65048768e-03  0.00000000e+00 
 2.66048768e-03 -2.30394766e+00  2.66048768e-03  0.00000000e+00 
 2.67048768e-03 -2.27602102e+00  2.67048768e-03  0.00000000e+00 
 2.68048768e-03 -2.24843289e+00  2.68048768e-03  0.00000000e+00 
 2.69048768e-03 -2.22117916e+00  2.69048768e-03  0.00000000e+00 
 2.70048768e-03 -2.19425577e+00  2.70048768e-03  0.00000000e+00 
 2.71048768e-03 -2.16765873e+00  2.71048768e-03  0.00000000e+00 
 2.72048768e-03 -2.14138408e+00  2.72048768e-03  0.00000000e+00 
 2.73048768e-03 -2.11542791e+00  2.73048768e-03  0.00000000e+00 
 2.74048768e-03 -2.08978636e+00  2.74048768e-03  0.00000000e+00 
 2.75048768e-03 -2.06445562e+00  2.75048768e-03  0.00000000e+00 
 2.76048768e-03 -2.03943191e+00  2.76048768e-03  0.00000000e+00 
 2.77048768e-03 -2.01471153e+00  2.77048768e-03  0.00000000e+00 
 2.78048768e-03 -1.99029078e+00  2.78048768e-03  0.00000000e+00 
 2.79048768e-03 -1.96616604e+00  2.79048768e-03  0.00000000e+00 
 2.80048768e-03 -1.94233373e+00  2.80048768e-03  0.00000000e+00 
 2.81048768e-03 -1.91879029e+00  2.81048768e-03  0.00000000e+00 
 2.82048768e-03 -1.89553223e+00  2.82048768e-03  0.00000000e+00 
 2.83048768e-03 -1.87255608e+00  2.83048768e-03  0.00000000e+00 
 2.84048768e-03 -1.84985843e+00  2.84048768e-03  0.00000000e+00 
 2.85048768e-03 -1.82743590e+00  2.85048768e-03  0.00000000e+00 
 2.86048768e-03 -1.80528516e+00  2.86048768e-03  0.00000000e+00 
 2.87048768e-03 -1.78340292e+00  2.87048768e-03  0.00000000e+00 
 2.88048768e-03 -1.76178591e+00  2.88048768e-03  0.00000000e+00 
 2.89048768e-03 -1.74043093e+00  2.89048768e-03  0.00000000e+00 
 2.90048768e-03 -1.71933480e+00  2.90048768e-03  0.00000000e+00 
 2.91048768e-03 -1.69849438e+00  2.91048768e-03  0.00000000e+00 
 2.92048768e-03 -1.67790657e+00  2.92048768e-03  0.00000000e+00 
 2.93048768e-03 -1.65756831e+00  2.93048768e-03  0.00000000e+00 
 2.94048768e-03 -1.63747657e+00  2.94048768e-03  0.00000000e+00 
 2.95048768e-03 -1.61762837e+00  2.95048768e-03  0.00000000e+00 
 2.96048768e-03 -1.59802075e+00  2.96048768e-03  0.00000000e+00 
 2.97048768e-03 -1.57865080e+00  2.97048768e-03  0.00000000e+00 
 2.98048768e-03 -1.55951564e+00  2.98048768e-03  0.00000000e+00 
 2.99048768e-03 -1.54061242e+00  2.99048768e-03  0.00000000e+00 
 3.00048768e-03 -1.52193833e+00  3.00048768e-03  0.00000000e+00 
 3.01048768e-03 -1.50349059e+00  3.01048768e-03  0.00000000e+00 
 3.02048768e-03 -1.48526647e+00  3.02048768e-03  0.00000000e+00 
 3.03048768e-03 -1.46726324e+00  3.03048768e-03  0.00000000e+00 
 3.04048768e-03 -1.44947823e+00  3.04048768e-03  0.00000000e+00 
 3.05048768e-03 -1.43190879e+00  3.05048768e-03  0.00000000e+00 
 3.06048768e-03 -1.41455232e+00  3.06048768e-03  0.00000000e+00 
 3.07048768e-03 -1.39740624e+00  3.07048768e-03  0.00000000e+00 
 3.08048768e-03 -1.38046798e+00  3.08048768e-03  0.00000000e+00 
 3.09048768e-03 -1.36373503e+00  3.09048768e-03  0.00000000e+00 
 3.10048768e-03 -1.34720491e+00  3.10048768e-03  0.00000000e+00 
 3.11048768e-03 -1.33087515e+00  3.11048768e-03  0.00000000e+00 
 3.12048768e-03 -1.31474333e+00  3.12048768e-03  0.00000000e+00 
 3.13048768e-03 -1.29880705e+00  3.13048768e-03  0.00000000e+00 
 3.14048768e-03 -1.28306394e+00  3.14048768e-03  0.00000000e+00 
 3.15048768e-03 -1.26751165e+00  3.15048768e-03  0.00000000e+00 
 3.16048768e-03 -1.25214787e+00  3.16048768e-03  0.00000000e+00 
 3.17048768e-03 -1.23697032e+00  3.17048768e-03  0.00000000e+00 
 3.18048768e-03 -1.22197674e+00  3.18048768e-03  0.00000000e+00 
 3.19048768e-03 -1.20716490e+00  3.19048768e-03  0.00000000e+00 
 3.20048768e-03 -1.19253260e+00  3.20048768e-03  0.00000000e+00 
 3.21048768e-03 -1.17807766e+00  3.21048768e-03  0.00000000e+00 
 3.22048768e-03 -1.16379793e+00  3.22048768e-03  0.00000000e+00 
 3.23048768e-03 -1.14969129e+00  3.23048768e-03  0.00000000e+00 
 3.24048768e-03 -1.13575563e+00  3.24048768e-03  0.00000000e+00 
 3.25048768e-03 -1.12198890e+00  3.25048768e-03  0.00000000e+00 
 3.26048768e-03 -1.10838903e+00  3.26048768e-03  0.00000000e+00 
 3.27048768e-03 -1.09495402e+00  3.27048768e-03  0.00000000e+00 
 3.28048768e-03 -1.08168185e+00  3.28048768e-03  0.00000000e+00 
 3.29048768e-03 -1.06857055e+00  3.29048768e-03  0.00000000e+00 
 3.30048768e-03 -1.05561818e+00  3.30048768e-03  0.00000000e+00 
 3.31048768e-03 -1.04282281e+00  3.31048768e-03  0.00000000e+00 
 3.32048768e-03 -1.03018253e+00  3.32048768e-03  0.00000000e+00 
 3.33048768e-03 -1.01769547e+00  3.33048768e-03  0.00000000e+00 
 3.34048768e-03 -1.00535977e+00  3.34048768e-03  0.00000000e+00 
 3.35048768e-03 -9.93173589e-01  3.35048768e-03  0.00000000e+00 
 3.36048768e-03 -9.81135122e-01  3.36048768e-03  0.00000000e+00 
 3.37048768e-03 -9.69242575e-01  3.37048768e-03  0.00000000e+00 
 3.38048768e-03 -9.57494180e-01  3.38048768e-03  0.00000000e+00 
 3.39048768e-03 -9.45888190e-01  3.39048768e-03  0.00000000e+00 
 3.40048768e-03 -9.34422878e-01  3.40048768e-03  0.00000000e+00 
 3.41048768e-03 -9.23096540e-01  3.41048768e-03  0.00000000e+00 
 3.42048768e-03 -9.11907491e-01  3.42048768e-03  0.00000000e+00 
 3.43048768e-03 -9.00854067e-01  3.43048768e-03  0.00000000e+00 
 3.44048768e-03 -8.89934624e-01  3.44048768e-03  0.00000000e+00 
 3.45048768e-03 -8.79147538e-01  3.45048768e-03  0.00000000e+00 
 3.46048768e-03 -8.68491204e-01  3.46048768e-03  0.00000000e+00 
 3.47048768e-03 -8.57964038e-01  3.47048768e-03  0.00000000e+00 
 3.48048768e-03 -8.47564474e-01  3.48048768e-03  0.00000000e+00 
 3.49048768e-03 -8.37290965e-01  3.49048768e-03  0.00000000e+00 
 3.50048768e-03 -8.27141984e-01  3.50048768e-03  0.00000000e+00 
 3.51048768e-03 -8.17116020e-01  3.51048768e-03  0.00000000e+00 
 3.52048768e-03 -8.07211583e-01  3.52048768e-03  0.00000000e+00 
 3.53048768e-03 -7.97427201e-01  3.53048768e-03  0.00000000e+00 
 3.54048768e-03 -7.87761416e-01  3.54048768e-03  0.00000000e+00 
 3.55048768e-03 -7.78212793e-01  3.55048768e-03  0.00000000e+00 
 3.56048768e-03 -7.68779911e-01  3.56048768e-03  0.00000000e+00 
 3.57048768e-03 -7.59461366e-01  3.57048768e-03  0.00000000e+00 
 3.58048768e-03 -7.50255774e-01  3.58048768e-03  0.00000000e+00 
 3.59048768e-03 -7.41161765e-01  3.59048768e-03  0.00000000e+00 
 3.60048768e-03 -7.32177986e-01  3.60048768e-03  0.00000000e+00 
 3.61048768e-03 -7.23303101e-01  3.61048768e-03  0.00000000e+00 
 3.62048768e-03 -7.14535791e-01  3.62048768e-03  0.00000000e+00 
 3.63048768e-03 -7.05874751e-01  3.63048768e-03  0.00000000e+00 
 3.64048768e-03 -6.97318693e-01  3.64048768e-03  0.00000000e+00 
 3.65048768e-03 -6.88866346e-01  3.65048768e-03  0.00000000e+00 
 3.66048768e-03 -6.80516450e-01  3.66048768e-03  0.00000000e+00 
 3.67048768e-03 -6.72267766e-01  3.67048768e-03  0.00000000e+00 
 3.68048768e-03 -6.64119066e-01  3.68048768e-03  0.00000000e+00 
 3.69048768e-03 -6.56069138e-01  3.69048768e-03  0.00000000e+00 
 3.70048768e-03 -6.48116785e-01  3.70048768e-03  0.00000000e+00 
 3.71048768e-03 -6.40260824e-01  3.71048768e-03  0.00000000e+00 
 3.72048768e-03 -6.32500086e-01  3.72048768e-03  0.00000000e+00 
 3.73048768e-03 -6.24833419e-01  3.73048768e-03  0.00000000e+00 
 3.74048768e-03 -6.17259680e-01  3.74048768e-03  0.00000000e+00 
 3.75048768e-03 -6.09777745e-01  3.75048768e-03  0.00000000e+00 
 3.76048768e-03 -6.02386499e-01  3.76048768e-03  0.00000000e+00 
 3.77048768e-03 -5.95084845e-01  3.77048768e-03  0.00000000e+00 
 3.78048768e-03 -5.87871695e-01  3.78048768e-03  0.00000000e+00 
 3.79048768e-03 -5.80745978e-01  3.79048768e-03  0.00000000e+00 
 3.80048768e-03 -5.73706633e-01  3.80048768e-03  0.00000000e+00 
 3.81048768e-03 -5.66752613e-01  3.81048768e-03  0.00000000e+00 
 3.82048768e-03 -5.59882884e-01  3.82048768e-03  0.00000000e+00 
 3.83048768e-03 -5.53096425e-01  3.83048768e-03  0.00000000e+00 
 3.84048768e-03 -5.46392226e-01  3.84048768e-03  0.00000000e+00 
 3.85048768e-03 -5.39769290e-01  3.85048768e-03  0.00000000e+00 
 3.86048768e-03 -5.33226632e-01  3.86048768e-03  0.00000000e+00 
 3.87048768e-03 -5.26763279e-01  3.87048768e-03  0.00000000e+00 
 3.88048768e-03 -5.20378269e-01  3.88048768e-03  0.00000000e+00 
 3.89048768e-03 -5.14070654e-01  3.89048768e-03  0.00000000e+00 
 3.90048768e-03 -5.07839494e-01  3.90048768e-03  0.00000000e+00 
 3.91048768e-03 -5.01683864e-01  3.91048768e-03  0.00000000e+00 
 3.92048768e-03 -4.95602848e-01  3.92048768e-03  0.00000000e+00 
 3.93048768e-03 -4.89595540e-01  3.93048768e-03  0.00000000e+00 
 3.94048768e-03 -4.83661049e-01  3.94048768e-03  0.00000000e+00 
 3.95048768e-03 -4.77798491e-01  3.95048768e-03  0.00000000e+00 
 3.96048768e-03 -4.72006994e-01  3.96048768e-03  0.00000000e+00 
 3.97048768e-03 -4.66285697e-01  3.97048768e-03  0.00000000e+00 
 3.98048768e-03 -4.60633749e-01  3.98048768e-03  0.00000000e+00 
 3.99048768e-03 -4.55050310e-01  3.99048768e-03  0.00000000e+00 
 4.00048768e-03 -4.49534548e-01  4.00048768e-03  0.00000000e+00 
 4.01048768e-03 -4.44085645e-01  4.01048768e-03  0.00000000e+00 
 4.02048768e-03 -4.38702789e-01  4.02048768e-03  0.00000000e+00 
 4.03048768e-03 -4.33385179e-01  4.03048768e-03  0.00000000e+00 
 4.04048768e-03 -4.28132025e-01  4.04048768e-03  0.00000000e+00 
 4.05048768e-03 -4.22942546e-01  4.05048768e-03  0.00000000e+00 
 4.06048768e-03 -4.17815970e-01  4.06048768e-03  0.00000000e+00 
 4.07048768e-03 -4.12751534e-01  4.07048768e-03  0.00000000e+00 
 4.08048768e-03 -4.07748485e-01  4.08048768e-03  0.00000000e+00 
 4.09048768e-03 -4.02806079e-01  4.09048768e-03  0.00000000e+00 
 4.10048768e-03 -3.97923581e-01  4.10048768e-03  0.00000000e+00 
 4.11048768e-03 -3.93100265e-01  4.11048768e-03  0.00000000e+00 
 4.12048768e-03 -3.88335413e-01  4.12048768e-03  0.00000000e+00 
 4.13048768e-03 -3.83628317e-01  4.13048768e-03  0.00000000e+00 
 4.14048768e-03 -3.78978277e-01  4.14048768e-03  0.00000000e+00 
 4.15048768e-03 -3.74384601e-01  4.15048768e-03  0.00000000e+00 
 4.16048768e-03 -3.69846606e-01  4.16048768e-03  0.00000000e+00 
 4.17048768e-03 -3.65363617e-01  4.17048768e-03  0.00000000e+00 
 4.18048768e-03 -3.60934967e-01  4.18048768e-03  0.00000000e+00 
 4.19048768e-03 -3.56559998e-01  4.19048768e-03  0.00000000e+00 
 4.20048768e-03 -3.52238058e-01  4.20048768e-03  0.00000000e+00 
 4.21048768e-03 -3.47968506e-01  4.21048768e-03  0.00000000e+00 
 4.22048768e-03 -3.43750706e-01  4.22048768e-03  0.00000000e+00 
 4.23048768e-03 -3.39584031e-01  4.23048768e-03  0.00000000e+00 
 4.24048768e-03 -3.35467861e-01  4.24048768e-03  0.00000000e+00 
 4.25048768e-03 -3.31401584e-01  4.25048768e-03  0.00000000e+00 
 4.26048768e-03 -3.27384595e-01  4.26048768e-03  0.00000000e+00 
 4.27048768e-03 -3.23416297e-01  4.27048768e-03  0.00000000e+00 
 4.28048768e-03 -3.19496099e-01  4.28048768e-03  0.00000000e+00 
 4.29048768e-03 -3.15623419e-01  4.29048768e-03  0.00000000e+00 
 4.30048768e-03 -3.11797681e-01  4.30048768e-03  0.00000000e+00 
 4.31048768e-03 -3.08018315e-01  4.31048768e-03  0.00000000e+00 
 4.32048768e-03 -3.04284759e-01  4.32048768e-03  0.00000000e+00 
 4.33048768e-03 -3.00596459e-01  4.33048768e-03  0.00000000e+00 
 4.34048768e-03 -2.96952866e-01  4.34048768e-03  0.00000000e+00 
 4.35048768e-03 -2.93353437e-01  4.35048768e-03  0.00000000e+00 
 4.36048768e-03 -2.89797638e-01  4.36048768e-03  0.00000000e+00 
 4.37048768e-03 -2.86284939e-01  4.37048768e-03  0.00000000e+00 
 4.38048768e-03 -2.82814819e-01  4.38048768e-03  0.00000000e+00 
 4.39048768e-03 -2.79386760e-01  4.39048768e-03  0.00000000e+00 
 4.40048768e-03 -2.76000254e-01  4.40048768e-03  0.00000000e+00 
 4.41048768e-03 -2.72654797e-01  4.41048768e-03  0.00000000e+00 
 4.42048768e-03 -2.69349890e-01  4.42048768e-03  0.00000000e+00 
 4.43048768e-03 -2.66085043e-01  4.43048768e-03  0.00000000e+00 
 4.44048768e-03 -2.62859770e-01  4.44048768e-03  0.00000000e+00 
 4.45048768e-03 -2.59673591e-01  4.45048768e-03  0.00000000e+00 
 4.46048768e-03 -2.56526032e-01  4.46048768e-03  0.00000000e+00 
 4.47048768e-03 -2.53416625e-01  4.47048768e-03  0.00000000e+00 
 4.48048768e-03 -2.50344909e-01  4.48048768e-03  0.00000000e+00 
 4.49048768e-03 -2.47310425e-01  4.49048768e-03  0.00000000e+00 
 4.50048768e-03 -2.44312723e-01  4.50048768e-03  0.00000000e+00 
 4.51048768e-03 -2.41351357e-01  4.51048768e-03  0.00000000e+00 
 4.52048768e-03 -2.38425886e-01  4.52048768e-03  0.00000000e+00 
 4.53048768e-03 -2.35535875e-01  4.53048768e-03  0.00000000e+00 
 4.54048768e-03 -2.32680895e-01  4.54048768e-03  0.00000000e+00 
 4.55048768e-03 -2.29860520e-01  4.55048768e-03  0.00000000e+00 
 4.56048768e-03 -2.27074332e-01  4.56048768e-03  0.00000000e+00 
 4.57048768e-03 -2.24321916e-01  4.57048768e-03  0.00000000e+00 
 4.58048768e-03 -2.21602862e-01  4.58048768e-03  0.00000000e+00 
 4.59048768e-03 -2.18916767e-01  4.59048768e-03  0.00000000e+00 
 4.60048768e-03 -2.16263230e-01  4.60048768e-03  0.00000000e+00 
 4.61048768e-03 -2.13641858e-01  4.61048768e-03  0.00000000e+00 
 4.62048768e-03 -2.11052260e-01  4.62048768e-03  0.00000000e+00 
 4.63048768e-03 -2.08494050e-01  4.63048768e-03  0.00000000e+00 
 4.64048768e-03 -2.05966850e-01  4.64048768e-03  0.00000000e+00 
 4.65048768e-03 -2.03470282e-01  4.65048768e-03  0.00000000e+00 
 4.66048768e-03 -2.01003975e-01  4.66048768e-03  0.00000000e+00 
 4.67048768e-03 -1.98567564e-01  4.67048768e-03  0.00000000e+00 
 4.68048768e-03 -1.96160684e-01  4.68048768e-03  0.00000000e+00 
 4.69048768e-03 -1.93782979e-01  4.69048768e-03  0.00000000e+00 
 4.70048768e-03 -1.91434094e-01  4.70048768e-03  0.00000000e+00 
 4.71048768e-03 -1.89113681e-01  4.71048768e-03  0.00000000e+00 
 4.72048768e-03 -1.86821394e-01  4.72048768e-03  0.00000000e+00 
 4.73048768e-03 -1.84556892e-01  4.73048768e-03  0.00000000e+00 
 4.74048768e-03 -1.82319839e-01  4.74048768e-03  0.00000000e+00 
 4.75048768e-03 -1.80109902e-01  4.75048768e-03  0.00000000e+00 
 4.76048768e-03 -1.77926751e-01  4.76048768e-03  0.00000000e+00 
 4.77048768e-03 -1.75770063e-01  4.77048768e-03  0.00000000e+00 
 4.78048768e-03 -1.73639517e-01  4.78048768e-03  0.00000000e+00 
 4.79048768e-03 -1.71534796e-01  4.79048768e-03  0.00000000e+00 
 4.80048768e-03 -1.69455586e-01  4.80048768e-03  0.00000000e+00 
 4.81048768e-03 -1.67401579e-01  4.81048768e-03  0.00000000e+00 
 4.82048768e-03 -1.65372469e-01  4.82048768e-03  0.00000000e+00 
 4.83048768e-03 -1.63367954e-01  4.83048768e-03  0.00000000e+00 
 4.84048768e-03 -1.61387736e-01  4.84048768e-03  0.00000000e+00 
 4.85048768e-03 -1.59431521e-01  4.85048768e-03  0.00000000e+00 
 4.86048768e-03 -1.57499018e-01  4.86048768e-03  0.00000000e+00 
 4.87048768e-03 -1.55589939e-01  4.87048768e-03  0.00000000e+00 
 4.88048768e-03 -1.53704001e-01  4.88048768e-03  0.00000000e+00 
 4.89048768e-03 -1.51840922e-01  4.89048768e-03  0.00000000e+00 
 4.90048768e-03 -1.50000426e-01  4.90048768e-03  0.00000000e+00 
 4.91048768e-03 -1.48182239e-01  4.91048768e-03  0.00000000e+00 
 4.92048768e-03 -1.46386090e-01  4.92048768e-03  0.00000000e+00 
 4.93048768e-03 -1.44611714e-01  4.93048768e-03  0.00000000e+00 
 4.94048768e-03 -1.42858844e-01  4.94048768e-03  0.00000000e+00 
 4.95048768e-03 -1.41127222e-01  4.95048768e-03  0.00000000e+00 
 4.96048768e-03 -1.39416589e-01  4.96048768e-03  0.00000000e+00 
 4.97048768e-03 -1.37726691e-01  4.97048768e-03  0.00000000e+00 
 4.98048768e-03 -1.36057276e-01  4.98048768e-03  0.00000000e+00 
 4.99048768e-03 -1.34408097e-01  4.99048768e-03  0.00000000e+00 
 5.00000000e-03 -1.32857902e-01  5.00000000e-03  0.00000000e+00 
