 0.00000000e+00  0.00000000e+00  0.00000000e+00  0.00000000e+00 
 1.00000000e-11  6.09756090e-10  1.00000000e-11  5.00000000e-02 
 1.45920001e-11  1.01833210e-09  1.45920001e-11  7.29600006e-02 
 2.37760003e-11  2.09263612e-09  2.37760003e-11  1.18880002e-01 
 4.21440008e-11  5.78415618e-09  4.21440008e-11  2.10720004e-01 
 7.88800017e-11  1.93388442e-08  7.88800017e-11  3.94400008e-01 
 1.52352003e-10  7.11348106e-08  1.52352003e-10  7.61760017e-01 
 2.99296007e-10  2.73473093e-07  2.99296007e-10  1.49648004e+00 
 5.93184014e-10  1.07313497e-06  5.93184014e-10  2.96592007e+00 
 1.00000000e-09  3.04914835e-06  1.00000000e-09  5.00000000e+00 
 1.05877760e-09  3.40754812e-06  1.05877760e-09  5.00000000e+00 
 1.17633280e-09  4.12434760e-06  1.17633280e-09  5.00000000e+00 
 1.41144321e-09  5.55794624e-06  1.41144321e-09  5.00000000e+00 
 1.88166402e-09  8.42514230e-06  1.88166402e-09  5.00000000e+00 
 2.82210564e-09  1.41595295e-05  2.82210564e-09  5.00000000e+00 
 4.70298889e-09  2.56282841e-05  4.70298889e-09  5.00000000e+00 
 8.46475538e-09  4.85657145e-05  8.46475538e-09  5.00000000e+00 
 1.59882884e-08  9.44402596e-05  1.59882884e-08  5.00000000e+00 
 3.10353543e-08  1.86188087e-04  3.10353543e-08  5.00000000e+00 
 6.11294863e-08  3.69678691e-04  6.11294863e-08  5.00000000e+00 
 1.11129486e-07  6.74524905e-04  1.11129486e-07  5.00000000e+00 
 1.61129486e-07  9.79352530e-04  1.61129486e-07  5.00000000e+00 
 2.11129486e-07  1.28416157e-03  2.11129486e-07  5.00000000e+00 
 2.61129486e-07  1.58895202e-03  2.61129486e-07  5.00000000e+00 
 3.11129486e-07  1.89372389e-03  3.11129486e-07  5.00000000e+00 
 3.61129486e-07  2.19847718e-03  3.61129486e-07  5.00000000e+00 
 4.11129486e-07  2.50321188e-03  4.11129486e-07  5.00000000e+00 
 4.61129486e-07  2.80792801e-03  4.61129486e-07  5.00000000e+00 
 5.11129486e-07  3.11262555e-03  5.11129486e-07  5.00000000e+00 
 5.61129486e-07  3.41730452e-03  5.61129486e-07  5.00000000e+00 
 6.11129486e-07  3.72196491e-03  6.11129486e-07  5.00000000e+00 
 6.61129486e-07  4.02660672e-03  6.61129486e-07  5.00000000e+00 
 7.11129486e-07  4.33122995e-03  7.11129486e-07  5.00000000e+00 
 7.61129486e-07  4.63583462e-03  7.61129486e-07  5.00000000e+00 
 8.11129486e-07  4.94042071e-03  8.11129486e-07  5.00000000e+00 
 8.61129486e-07  5.24498822e-03  8.61129486e-07  5.00000000e+00 
 9.11129486e-07  5.54953717e-03  9.11129486e-07  5.00000000e+00 
 9.61129486e-07  5.85406755e-03  9.61129486e-07  5.00000000e+00 
 1.01112949e-06  6.15857936e-03  1.01112949e-06  5.00000000e+00 
 1.06112949e-06  6.46307260e-03  1.06112949e-06  5.00000000e+00 
 1.11112949e-06  6.76754728e-03  1.11112949e-06  5.00000000e+00 
 1.16112949e-06  7.07200339e-03  1.16112949e-06  5.00000000e+00 
 1.21112949e-06  7.37644094e-03  1.21112949e-06  5.00000000e+00 
 1.26112949e-06  7.68085992e-03  1.26112949e-06  5.00000000e+00 
 1.31112949e-06  7.98526034e-03  1.31112949e-06  5.00000000e+00 
 1.36112949e-06  8.28964221e-03  1.36112949e-06  5.00000000e+00 
 1.41112949e-06  8.59400551e-03  1.41112949e-06  5.00000000e+00 
 1.46112949e-06  8.89835026e-03  1.46112949e-06  5.00000000e+00 
 1.51112949e-06  9.20267644e-03  1.51112949e-06  5.00000000e+00 
 1.56112949e-06  9.50698408e-03  1.56112949e-06  5.00000000e+00 
 1.61112949e-06  9.81127315e-03  1.61112949e-06  5.00000000e+00 
 1.66112949e-06  1.01155437e-02  1.66112949e-06  5.00000000e+00 
 1.71112949e-06  1.04197956e-02  1.71112949e-06  5.00000000e+00 
 1.76112949e-06  1.07240291e-02  1.76112949e-06  5.00000000e+00 
 1.81112949e-06  1.10282439e-02  1.81112949e-06  5.00000000e+00 
 1.86112949e-06  1.13324403e-02  1.86112949e-06  5.00000000e+00 
 1.91112949e-06  1.16366180e-02  1.91112949e-06  5.00000000e+00 
 1.96112949e-06  1.19407773e-02  1.96112949e-06  5.00000000e+00 
 2.01112949e-06  1.22449179e-02  2.01112949e-06  5.00000000e+00 
 2.06112949e-06  1.25490401e-02  2.06112949e-06  5.00000000e+00 
 2.11112949e-06  1.28531437e-02  2.11112949e-06  5.00000000e+00 
 2.16112949e-06  1.31572287e-02  2.16112949e-06  5.00000000e+00 
 2.21112949e-06  1.34612952e-02  2.21112949e-06  5.00000000e+00 
 2.26112949e-06  1.37653432e-02  2.26112949e-06  5.00000000e+00 
 2.31112949e-06  1.40693726e-02  2.31112949e-06  5.00000000e+00 
 2.36112949e-06  1.43733835e-02  2.36112949e-06  5.00000000e+00 
 2.41112949e-06  1.46773759e-02  2.41112949e-06  5.00000000e+00 
 2.46112949e-06  1.49813497e-02  2.46112949e-06  5.00000000e+00 
 2.51112949e-06  1.52853050e-02  2.51112949e-06  5.00000000e+00 
 2.56112949e-06  1.55892417e-02  2.56112949e-06  5.00000000e+00 
 2.61112949e-06  1.58931599e-02  2.61112949e-06  5.00000000e+00 
 2.66112949e-06  1.61970596e-02  2.66112949e-06  5.00000000e+00 
 2.71112949e-06  1.65009408e-02  2.71112949e-06  5.00000000e+00 
 2.76112949e-06  1.68048034e-02  2.76112949e-06  5.00000000e+00 
 2.81112949e-06  1.71086475e-02  2.81112949e-06  5.00000000e+00 
 2.86112949e-06  1.74124731e-02  2.86112949e-06  5.00000000e+00 
 2.91112949e-06  1.77162801e-02  2.91112949e-06  5.00000000e+00 
 2.96112949e-06  1.80200687e-02  2.96112949e-06  5.00000000e+00 
 3.01112949e-06  1.83238387e-02  3.01112949e-06  5.00000000e+00 
 3.06112949e-06  1.86275902e-02  3.06112949e-06  5.00000000e+00 
 3.11112949e-06  1.89313231e-02  3.11112949e-06  5.00000000e+00 
 3.16112949e-06  1.92350376e-02  3.16112949e-06  5.00000000e+00 
 3.21112949e-06  1.95387335e-02  3.21112949e-06  5.00000000e+00 
 3.26112949e-06  1.98424109e-02  3.26112949e-06  5.00000000e+00 
 3.31112949e-06  2.01460698e-02  3.31112949e-06  5.00000000e+00 
 3.36112949e-06  2.04497101e-02  3.36112949e-06  5.00000000e+00 
 3.41112949e-06  2.07533320e-02  3.41112949e-06  5.00000000e+00 
 3.46112949e-06  2.10569353e-02  3.46112949e-06  5.00000000e+00 
 3.51112949e-06  2.13605202e-02  3.51112949e-06  5.00000000e+00 
 3.56112949e-06  2.16640865e-02  3.56112949e-06  5.00000000e+00 
 3.61112949e-06  2.19676343e-02  3.61112949e-06  5.00000000e+00 
 3.66112949e-06  2.22711636e-02  3.66112949e-06  5.00000000e+00 
 3.71112949e-06  2.25746744e-02  3.71112949e-06  5.00000000e+00 
 3.76112949e-06  2.28781667e-02  3.76112949e-06  5.00000000e+00 
 3.81112949e-06  2.31816405e-02  3.81112949e-06  5.00000000e+00 
 3.86112949e-06  2.34850958e-02  3.86112949e-06  5.00000000e+00 
 3.91112949e-06  2.37885326e-02  3.91112949e-06  5.00000000e+00 
 3.96112949e-06  2.40919508e-02  3.96112949e-06  5.00000000e+00 
 4.01112949e-06  2.43953506e-02  4.01112949e-06  5.00000000e+00 
 4.06112949e-06  2.46987319e-02  4.06112949e-06  5.00000000e+00 
 4.10100000e-06  2.49406380e-02  4.10100000e-06  5.00000000e+00 
 4.10110000e-06  2.49411837e-02  4.10110000e-06  4.50000000e+00 
 4.10130000e-06  2.49421533e-02  4.10130000e-06  3.50000000e+00 
 4.10170000e-06  2.49433606e-02  4.10170000e-06  1.50000000e+00 
 4.10200000e-06  2.49436259e-02  4.10200000e-06  0.00000000e+00 
 4.10208000e-06  2.49436234e-02  4.10208000e-06  0.00000000e+00 
 4.10224000e-06  2.49436186e-02  4.10224000e-06  0.00000000e+00 
 4.10256000e-06  2.49436088e-02  4.10256000e-06  0.00000000e+00 
 4.10320000e-06  2.49435894e-02  4.10320000e-06  0.00000000e+00 
 4.10448000e-06  2.49435504e-02  4.10448000e-06  0.00000000e+00 
 4.10704000e-06  2.49434725e-02  4.10704000e-06  0.00000000e+00 
 4.11216000e-06  2.49433168e-02  4.11216000e-06  0.00000000e+00 
 4.12240000e-06  2.49430053e-02  4.12240000e-06  0.00000000e+00 
 4.14288000e-06  2.49423824e-02  4.14288000e-06  0.00000000e+00 
 4.18384000e-06  2.49411365e-02  4.18384000e-06  0.00000000e+00 
 4.23384000e-06  2.49396157e-02  4.23384000e-06  0.00000000e+00 
 4.28384000e-06  2.49380951e-02  4.28384000e-06  0.00000000e+00 
 4.33384000e-06  2.49365745e-02  4.33384000e-06  0.00000000e+00 
 4.38384000e-06  2.49350540e-02  4.38384000e-06  0.00000000e+00 
 4.43384000e-06  2.49335336e-02  4.43384000e-06  0.00000000e+00 
 4.48384000e-06  2.49320134e-02  4.48384000e-06  0.00000000e+00 
 4.53384000e-06  2.49304932e-02  4.53384000e-06  0.00000000e+00 
 4.58384000e-06  2.49289730e-02  4.58384000e-06  0.00000000e+00 
 4.63384000e-06  2.49274530e-02  4.63384000e-06  0.00000000e+00 
 4.68384000e-06  2.49259331e-02  4.68384000e-06  0.00000000e+00 
 4.73384000e-06  2.49244133e-02  4.73384000e-06  0.00000000e+00 
 4.78384000e-06  2.49228936e-02  4.78384000e-06  0.00000000e+00 
 4.83384000e-06  2.49213739e-02  4.83384000e-06  0.00000000e+00 
 4.88384000e-06  2.49198544e-02  4.88384000e-06  0.00000000e+00 
 4.93384000e-06  2.49183349e-02  4.93384000e-06  0.00000000e+00 
 4.98384000e-06  2.49168155e-02  4.98384000e-06  0.00000000e+00 
 5.03384000e-06  2.49152963e-02  5.03384000e-06  0.00000000e+00 
 5.08384000e-06  2.49137771e-02  5.08384000e-06  0.00000000e+00 
 5.13384000e-06  2.49122580e-02  5.13384000e-06  0.00000000e+00 
 5.18384000e-06  2.49107390e-02  5.18384000e-06  0.00000000e+00 
 5.23384000e-06  2.49092201e-02  5.23384000e-06  0.00000000e+00 
 5.28384000e-06  2.49077013e-02  5.28384000e-06  0.00000000e+00 
 5.33384000e-06  2.49061826e-02  5.33384000e-06  0.00000000e+00 
 5.38384000e-06  2.49046640e-02  5.38384000e-06  0.00000000e+00 
 5.43384000e-06  2.49031454e-02  5.43384000e-06  0.00000000e+00 
 5.48384000e-06  2.49016270e-02  5.48384000e-06  0.00000000e+00 
 5.53384000e-06  2.49001086e-02  5.53384000e-06  0.00000000e+00 
 5.58384000e-06  2.48985904e-02  5.58384000e-06  0.00000000e+00 
 5.63384000e-06  2.48970722e-02  5.63384000e-06  0.00000000e+00 
 5.68384000e-06  2.48955542e-02  5.68384000e-06  0.00000000e+00 
 5.73384000e-06  2.48940362e-02  5.73384000e-06  0.00000000e+00 
 5.78384000e-06  2.48925183e-02  5.78384000e-06  0.00000000e+00 
 5.83384000e-06  2.48910005e-02  5.83384000e-06  0.00000000e+00 
 5.88384000e-06  2.48894828e-02  5.88384000e-06  0.00000000e+00 
 5.93384000e-06  2.48879652e-02  5.93384000e-06  0.00000000e+00 
 5.98384000e-06  2.48864477e-02  5.98384000e-06  0.00000000e+00 
 6.03384000e-06  2.48849303e-02  6.03384000e-06  0.00000000e+00 
 6.08384000e-06  2.48834130e-02  6.08384000e-06  0.00000000e+00 
 6.13384000e-06  2.48818957e-02  6.13384000e-06  0.00000000e+00 
 6.18384000e-06  2.48803786e-02  6.18384000e-06  0.00000000e+00 
 6.23384000e-06  2.48788615e-02  6.23384000e-06  0.00000000e+00 
 6.28384000e-06  2.48773446e-02  6.28384000e-06  0.00000000e+00 
 6.33384000e-06  2.48758277e-02  6.33384000e-06  0.00000000e+00 
 6.38384000e-06  2.48743109e-02  6.38384000e-06  0.00000000e+00 
 6.43384000e-06  2.48727942e-02  6.43384000e-06  0.00000000e+00 
 6.48384000e-06  2.48712777e-02  6.48384000e-06  0.00000000e+00 
 6.53384000e-06  2.48697612e-02  6.53384000e-06  0.00000000e+00 
 6.58384000e-06  2.48682448e-02  6.58384000e-06  0.00000000e+00 
 6.63384000e-06  2.48667285e-02  6.63384000e-06  0.00000000e+00 
 6.68384000e-06  2.48652122e-02  6.68384000e-06  0.00000000e+00 
 6.73384000e-06  2.48636961e-02  6.73384000e-06  0.00000000e+00 
 6.78384000e-06  2.48621801e-02  6.78384000e-06  0.00000000e+00 
 6.83384000e-06  2.48606641e-02  6.83384000e-06  0.00000000e+00 
 6.88384000e-06  2.48591483e-02  6.88384000e-06  0.00000000e+00 
 6.93384000e-06  2.48576325e-02  6.93384000e-06  0.00000000e+00 
 6.98384000e-06  2.48561169e-02  6.98384000e-06  0.00000000e+00 
 7.03384000e-06  2.48546013e-02  7.03384000e-06  0.00000000e+00 
 7.08384000e-06  2.48530858e-02  7.08384000e-06  0.00000000e+00 
 7.13384000e-06  2.48515704e-02  7.13384000e-06  0.00000000e+00 
 7.18384000e-06  2.48500551e-02  7.18384000e-06  0.00000000e+00 
 7.23384000e-06  2.48485399e-02  7.23384000e-06  0.00000000e+00 
 7.28384000e-06  2.48470248e-02  7.28384000e-06  0.00000000e+00 
 7.33384000e-06  2.48455098e-02  7.33384000e-06  0.00000000e+00 
 7.38384000e-06  2.48439949e-02  7.38384000e-06  0.00000000e+00 
 7.43384000e-06  2.48424801e-02  7.43384000e-06  0.00000000e+00 
 7.48384000e-06  2.48409653e-02  7.48384000e-06  0.00000000e+00 
 7.53384000e-06  2.48394507e-02  7.53384000e-06  0.00000000e+00 
 7.58384000e-06  2.48379361e-02  7.58384000e-06  0.00000000e+00 
 7.63384000e-06  2.48364217e-02  7.63384000e-06  0.00000000e+00 
 7.68384000e-06  2.48349073e-02  7.68384000e-06  0.00000000e+00 
 7.73384000e-06  2.48333930e-02  7.73384000e-06  0.00000000e+00 
 7.78384000e-06  2.48318788e-02  7.78384000e-06  0.00000000e+00 
 7.83384000e-06  2.48303647e-02  7.83384000e-06  0.00000000e+00 
 7.88384000e-06  2.48288507e-02  7.88384000e-06  0.00000000e+00 
 7.93384000e-06  2.48273368e-02  7.93384000e-06  0.00000000e+00 
 7.98384000e-06  2.48258230e-02  7.98384000e-06  0.00000000e+00 
 8.03384000e-06  2.48243093e-02  8.03384000e-06  0.00000000e+00 
 8.08384000e-06  2.48227957e-02  8.08384000e-06  0.00000000e+00 
 8.13384000e-06  2.48212821e-02  8.13384000e-06  0.00000000e+00 
 8.18384000e-06  2.48197687e-02  8.18384000e-06  0.00000000e+00 
 8.20000000e-06  2.48192795e-02  8.20000000e-06  0.00000000e+00 
 8.20010000e-06  2.48193375e-02  8.20010000e-06  5.00000000e-01 
 8.20030000e-06  2.48195753e-02  8.20030000e-06  1.50000000e+00 
 8.20070000e-06  2.48207827e-02  8.20070000e-06  3.50000000e+00 
 8.20100000e-06  2.48223285e-02  8.20100000e-06  5.00000000e+00 
 8.20108000e-06  2.48228139e-02  8.20108000e-06  5.00000000e+00 
 8.20124000e-06  2.48237847e-02  8.20124000e-06  5.00000000e+00 
 8.20156000e-06  2.48257262e-02  8.20156000e-06  5.00000000e+00 
 8.20220000e-06  2.48296093e-02  8.20220000e-06  5.00000000e+00 
 8.20348000e-06  2.48373754e-02  8.20348000e-06  5.00000000e+00 
 8.20604000e-06  2.48529076e-02  8.20604000e-06  5.00000000e+00 
 8.21116000e-06  2.48839718e-02  8.21116000e-06  5.00000000e+00 
 8.22140000e-06  2.49460997e-02  8.22140000e-06  5.00000000e+00 
 8.24188000e-06  2.50703532e-02  8.24188000e-06  5.00000000e+00 
 8.28284000e-06  2.53188508e-02  8.28284000e-06  5.00000000e+00 
 8.33284000e-06  2.56221757e-02  8.33284000e-06  5.00000000e+00 
 8.38284000e-06  2.59254822e-02  8.38284000e-06  5.00000000e+00 
 8.43284000e-06  2.62287702e-02  8.43284000e-06  5.00000000e+00 
 8.48284000e-06  2.65320397e-02  8.48284000e-06  5.00000000e+00 
 8.53284000e-06  2.68352907e-02  8.53284000e-06  5.00000000e+00 
 8.58284000e-06  2.71385232e-02  8.58284000e-06  5.00000000e+00 
 8.63284000e-06  2.74417372e-02  8.63284000e-06  5.00000000e+00 
 8.68284000e-06  2.77449327e-02  8.68284000e-06  5.00000000e+00 
 8.73284000e-06  2.80481098e-02  8.73284000e-06  5.00000000e+00 
 8.78284000e-06  2.83512683e-02  8.78284000e-06  5.00000000e+00 
 8.83284000e-06  2.86544084e-02  8.83284000e-06  5.00000000e+00 
 8.88284000e-06  2.89575300e-02  8.88284000e-06  5.00000000e+00 
 8.93284000e-06  2.92606331e-02  8.93284000e-06  5.00000000e+00 
 8.98284000e-06  2.95637177e-02  8.98284000e-06  5.00000000e+00 
 9.03284000e-06  2.98667838e-02  9.03284000e-06  5.00000000e+00 
 9.08284000e-06  3.01698315e-02  9.08284000e-06  5.00000000e+00 
 9.13284000e-06  3.04728607e-02  9.13284000e-06  5.00000000e+00 
 9.18284000e-06  3.07758714e-02  9.18284000e-06  5.00000000e+00 
 9.23284000e-06  3.10788636e-02  9.23284000e-06  5.00000000e+00 
 9.28284000e-06  3.13818374e-02  9.28284000e-06  5.00000000e+00 
 9.33284000e-06  3.16847927e-02  9.33284000e-06  5.00000000e+00 
 9.38284000e-06  3.19877295e-02  9.38284000e-06  5.00000000e+00 
 9.43284000e-06  3.22906478e-02  9.43284000e-06  5.00000000e+00 
 9.48284000e-06  3.25935477e-02  9.48284000e-06  5.00000000e+00 
 9.53284000e-06  3.28964291e-02  9.53284000e-06  5.00000000e+00 
 9.58284000e-06  3.31992921e-02  9.58284000e-06  5.00000000e+00 
 9.63284000e-06  3.35021365e-02  9.63284000e-06  5.00000000e+00 
 9.68284000e-06  3.38049625e-02  9.68284000e-06  5.00000000e+00 
 9.73284000e-06  3.41077701e-02  9.73284000e-06  5.00000000e+00 
 9.78284000e-06  3.44105591e-02  9.78284000e-06  5.00000000e+00 
 9.83284000e-06  3.47133298e-02  9.83284000e-06  5.00000000e+00 
 9.88284000e-06  3.50160819e-02  9.88284000e-06  5.00000000e+00 
 9.93284000e-06  3.53188156e-02  9.93284000e-06  5.00000000e+00 
 9.98284000e-06  3.56215308e-02  9.98284000e-06  5.00000000e+00 
 1.00328400e-05  3.59242276e-02  1.00328400e-05  5.00000000e+00 
 1.00828400e-05  3.62269059e-02  1.00828400e-05  5.00000000e+00 
 1.01328400e-05  3.65295658e-02  1.01328400e-05  5.00000000e+00 
 1.01828400e-05  3.68322072e-02  1.01828400e-05  5.00000000e+00 
 1.02328400e-05  3.71348302e-02  1.02328400e-05  5.00000000e+00 
 1.02828400e-05  3.74374347e-02  1.02828400e-05  5.00000000e+00 
 1.03328400e-05  3.77400207e-02  1.03328400e-05  5.00000000e+00 
 1.03828400e-05  3.80425883e-02  1.03828400e-05  5.00000000e+00 
 1.04328400e-05  3.83451375e-02  1.04328400e-05  5.00000000e+00 
 1.04828400e-05  3.86476682e-02  1.04828400e-05  5.00000000e+00 
 1.05328400e-05  3.89501804e-02  1.05328400e-05  5.00000000e+00 
 1.05828400e-05  3.92526743e-02  1.05828400e-05  5.00000000e+00 
 1.06328400e-05  3.95551496e-02  1.06328400e-05  5.00000000e+00 
 1.06828400e-05  3.98576065e-02  1.06828400e-05  5.00000000e+00 
 1.07328400e-05  4.01600450e-02  1.07328400e-05  5.00000000e+00 
 1.07828400e-05  4.04624651e-02  1.07828400e-05  5.00000000e+00 
 1.08328400e-05  4.07648667e-02  1.08328400e-05  5.00000000e+00 
 1.08828400e-05  4.10672499e-02  1.08828400e-05  5.00000000e+00 
 1.09328400e-05  4.13696146e-02  1.09328400e-05  5.00000000e+00 
 1.09828400e-05  4.16719609e-02  1.09828400e-05  5.00000000e+00 
 1.10328400e-05  4.19742887e-02  1.10328400e-05  5.00000000e+00 
 1.10828400e-05  4.22765982e-02  1.10828400e-05  5.00000000e+00 
 1.11328400e-05  4.25788892e-02  1.11328400e-05  5.00000000e+00 
 1.11828400e-05  4.28811617e-02  1.11828400e-05  5.00000000e+00 
 1.12328400e-05  4.31834158e-02  1.12328400e-05  5.00000000e+00 
 1.12828400e-05  4.34856515e-02  1.12828400e-05  5.00000000e+00 
 1.13328400e-05  4.37878688e-02  1.13328400e-05  5.00000000e+00 
 1.13828400e-05  4.40900677e-02  1.13828400e-05  5.00000000e+00 
 1.14328400e-05  4.43922481e-02  1.14328400e-05  5.00000000e+00 
 1.14828400e-05  4.46944101e-02  1.14828400e-05  5.00000000e+00 
 1.15328400e-05  4.49965536e-02  1.15328400e-05  5.00000000e+00 
 1.15828400e-05  4.52986788e-02  1.15828400e-05  5.00000000e+00 
 1.16328400e-05  4.56007855e-02  1.16328400e-05  5.00000000e+00 
 1.16828400e-05  4.59028738e-02  1.16828400e-05  5.00000000e+00 
 1.17328400e-05  4.62049437e-02  1.17328400e-05  5.00000000e+00 
 1.17828400e-05  4.65069952e-02  1.17828400e-05  5.00000000e+00 
 1.18328400e-05  4.68090282e-02  1.18328400e-05  5.00000000e+00 
 1.18828400e-05  4.71110428e-02  1.18828400e-05  5.00000000e+00 
 1.19328400e-05  4.74130390e-02  1.19328400e-05  5.00000000e+00 
 1.19828400e-05  4.77150169e-02  1.19828400e-05  5.00000000e+00 
 1.20328400e-05  4.80169762e-02  1.20328400e-05  5.00000000e+00 
 1.20828400e-05  4.83189172e-02  1.20828400e-05  5.00000000e+00 
 1.21328400e-05  4.86208398e-02  1.21328400e-05  5.00000000e+00 
 1.21828400e-05  4.89227439e-02  1.21828400e-05  5.00000000e+00 
 1.22328400e-05  4.92246297e-02  1.22328400e-05  5.00000000e+00 
 1.22828400e-05  4.95264970e-02  1.22828400e-05  5.00000000e+00 
 1.23010000e-05  4.96361307e-02  1.23010000e-05  5.00000000e+00 
 1.23011000e-05  4.96366734e-02  1.23011000e-05  4.50000000e+00 
 1.23013000e-05  4.96376369e-02  1.23013000e-05  3.50000000e+00 
 1.23017000e-05  4.96388322e-02  1.23017000e-05  1.50000000e+00 
 1.23020000e-05  4.96390885e-02  1.23020000e-05  0.00000000e+00 
 1.23020800e-05  4.96390836e-02  1.23020800e-05  0.00000000e+00 
 1.23022400e-05  4.96390739e-02  1.23022400e-05  0.00000000e+00 
 1.23025600e-05  4.96390546e-02  1.23025600e-05  0.00000000e+00 
 1.23032000e-05  4.96390158e-02  1.23032000e-05  0.00000000e+00 
 1.23044800e-05  4.96389383e-02  1.23044800e-05  0.00000000e+00 
 1.23070400e-05  4.96387834e-02  1.23070400e-05  0.00000000e+00 
 1.23121600e-05  4.96384734e-02  1.23121600e-05  0.00000000e+00 
 1.23224000e-05  4.96378536e-02  1.23224000e-05  0.00000000e+00 
 1.23428800e-05  4.96366138e-02  1.23428800e-05  0.00000000e+00 
 1.23838400e-05  4.96341345e-02  1.23838400e-05  0.00000000e+00 
 1.24338400e-05  4.96311081e-02  1.24338400e-05  0.00000000e+00 
 1.24838400e-05  4.96280819e-02  1.24838400e-05  0.00000000e+00 
 1.25338400e-05  4.96250559e-02  1.25338400e-05  0.00000000e+00 
 1.25838400e-05  4.96220301e-02  1.25838400e-05  0.00000000e+00 
 1.26338400e-05  4.96190044e-02  1.26338400e-05  0.00000000e+00 
 1.26838400e-05  4.96159790e-02  1.26838400e-05  0.00000000e+00 
 1.27338400e-05  4.96129537e-02  1.27338400e-05  0.00000000e+00 
 1.27838400e-05  4.96099286e-02  1.27838400e-05  0.00000000e+00 
 1.28338400e-05  4.96069037e-02  1.28338400e-05  0.00000000e+00 
 1.28838400e-05  4.96038790e-02  1.28838400e-05  0.00000000e+00 
 1.29338400e-05  4.96008545e-02  1.29338400e-05  0.00000000e+00 
 1.29838400e-05  4.95978301e-02  1.29838400e-05  0.00000000e+00 
 1.30338400e-05  4.95948059e-02  1.30338400e-05  0.00000000e+00 
 1.30838400e-05  4.95917820e-02  1.30838400e-05  0.00000000e+00 
 1.31338400e-05  4.95887582e-02  1.31338400e-05  0.00000000e+00 
 1.31838400e-05  4.95857346e-02  1.31838400e-05  0.00000000e+00 
 1.32338400e-05  4.95827111e-02  1.32338400e-05  0.00000000e+00 
 1.32838400e-05  4.95796879e-02  1.32838400e-05  0.00000000e+00 
 1.33338400e-05  4.95766648e-02  1.33338400e-05  0.00000000e+00 
 1.33838400e-05  4.95736419e-02  1.33838400e-05  0.00000000e+00 
 1.34338400e-05  4.95706193e-02  1.34338400e-05  0.00000000e+00 
 1.34838400e-05  4.95675968e-02  1.34838400e-05  0.00000000e+00 
 1.35338400e-05  4.95645744e-02  1.35338400e-05  0.00000000e+00 
 1.35838400e-05  4.95615523e-02  1.35838400e-05  0.00000000e+00 
 1.36338400e-05  4.95585303e-02  1.36338400e-05  0.00000000e+00 
 1.36838400e-05  4.95555086e-02  1.36838400e-05  0.00000000e+00 
 1.37338400e-05  4.95524870e-02  1.37338400e-05  0.00000000e+00 
 1.37838400e-05  4.95494656e-02  1.37838400e-05  0.00000000e+00 
 1.38338400e-05  4.95464444e-02  1.38338400e-05  0.00000000e+00 
 1.38838400e-05  4.95434233e-02  1.38838400e-05  0.00000000e+00 
 1.39338400e-05  4.95404025e-02  1.39338400e-05  0.00000000e+00 
 1.39838400e-05  4.95373818e-02  1.39838400e-05  0.00000000e+00 
 1.40338400e-05  4.95343613e-02  1.40338400e-05  0.00000000e+00 
 1.40838400e-05  4.95313410e-02  1.40838400e-05  0.00000000e+00 
 1.41338400e-05  4.95283209e-02  1.41338400e-05  0.00000000e+00 
 1.41838400e-05  4.95253010e-02  1.41838400e-05  0.00000000e+00 
 1.42338400e-05  4.95222813e-02  1.42338400e-05  0.00000000e+00 
 1.42838400e-05  4.95192617e-02  1.42838400e-05  0.00000000e+00 
 1.43338400e-05  4.95162423e-02  1.43338400e-05  0.00000000e+00 
 1.43838400e-05  4.95132231e-02  1.43838400e-05  0.00000000e+00 
 1.44338400e-05  4.95102041e-02  1.44338400e-05  0.00000000e+00 
 1.44838400e-05  4.95071853e-02  1.44838400e-05  0.00000000e+00 
 1.45338400e-05  4.95041667e-02  1.45338400e-05  0.00000000e+00 
 1.45838400e-05  4.95011482e-02  1.45838400e-05  0.00000000e+00 
 1.46338400e-05  4.94981299e-02  1.46338400e-05  0.00000000e+00 
 1.46838400e-05  4.94951119e-02  1.46838400e-05  0.00000000e+00 
 1.47338400e-05  4.94920940e-02  1.47338400e-05  0.00000000e+00 
 1.47838400e-05  4.94890762e-02  1.47838400e-05  0.00000000e+00 
 1.48338400e-05  4.94860587e-02  1.48338400e-05  0.00000000e+00 
 1.48838400e-05  4.94830413e-02  1.48838400e-05  0.00000000e+00 
 1.49338400e-05  4.94800242e-02  1.49338400e-05  0.00000000e+00 
 1.49838400e-05  4.94770072e-02  1.49838400e-05  0.00000000e+00 
 1.50338400e-05  4.94739904e-02  1.50338400e-05  0.00000000e+00 
 1.50838400e-05  4.94709738e-02  1.50838400e-05  0.00000000e+00 
 1.51338400e-05  4.94679574e-02  1.51338400e-05  0.00000000e+00 
 1.51838400e-05  4.94649411e-02  1.51838400e-05  0.00000000e+00 
 1.52338400e-05  4.94619250e-02  1.52338400e-05  0.00000000e+00 
 1.52838400e-05  4.94589092e-02  1.52838400e-05  0.00000000e+00 
 1.53338400e-05  4.94558935e-02  1.53338400e-05  0.00000000e+00 
 1.53838400e-05  4.94528780e-02  1.53838400e-05  0.00000000e+00 
 1.54338400e-05  4.94498626e-02  1.54338400e-05  0.00000000e+00 
 1.54838400e-05  4.94468475e-02  1.54838400e-05  0.00000000e+00 
 1.55338400e-05  4.94438325e-02  1.55338400e-05  0.00000000e+00 
 1.55838400e-05  4.94408178e-02  1.55838400e-05  0.00000000e+00 
 1.56338400e-05  4.94378032e-02  1.56338400e-05  0.00000000e+00 
 1.56838400e-05  4.94347888e-02  1.56838400e-05  0.00000000e+00 
 1.57338400e-05  4.94317745e-02  1.57338400e-05  0.00000000e+00 
 1.57838400e-05  4.94287605e-02  1.57838400e-05  0.00000000e+00 
 1.58338400e-05  4.94257466e-02  1.58338400e-05  0.00000000e+00 
 1.58838400e-05  4.94227330e-02  1.58838400e-05  0.00000000e+00 
 1.59338400e-05  4.94197195e-02  1.59338400e-05  0.00000000e+00 
 1.59838400e-05  4.94167062e-02  1.59838400e-05  0.00000000e+00 
 1.60338400e-05  4.94136930e-02  1.60338400e-05  0.00000000e+00 
 1.60838400e-05  4.94106801e-02  1.60838400e-05  0.00000000e+00 
 1.61338400e-05  4.94076673e-02  1.61338400e-05  0.00000000e+00 
 1.61838400e-05  4.94046548e-02  1.61838400e-05  0.00000000e+00 
 1.62338400e-05  4.94016424e-02  1.62338400e-05  0.00000000e+00 
 1.62838400e-05  4.93986302e-02  1.62838400e-05  0.00000000e+00 
 1.63338400e-05  4.93956182e-02  1.63338400e-05  0.00000000e+00 
 1.63838400e-05  4.93926063e-02  1.63838400e-05  0.00000000e+00 
 1.64000000e-05  4.93916329e-02  1.64000000e-05  0.00000000e+00 
 1.64001000e-05  4.93916879e-02  1.64001000e-05  5.00000000e-01 
 1.64003000e-05  4.93919198e-02  1.64003000e-05  1.50000000e+00 
 1.64007000e-05  4.93931152e-02  1.64007000e-05  3.50000000e+00 
 1.64010000e-05  4.93946520e-02  1.64010000e-05  5.00000000e+00 
 1.64010800e-05  4.93951350e-02  1.64010800e-05  5.00000000e+00 
 1.64012400e-05  4.93961009e-02  1.64012400e-05  5.00000000e+00 
 1.64015600e-05  4.93980329e-02  1.64015600e-05  5.00000000e+00 
 1.64022000e-05  4.94018968e-02  1.64022000e-05  5.00000000e+00 
 1.64034800e-05  4.94096245e-02  1.64034800e-05  5.00000000e+00 
 1.64060400e-05  4.94250800e-02  1.64060400e-05  5.00000000e+00 
 1.64111600e-05  4.94559908e-02  1.64111600e-05  5.00000000e+00 
 1.64214000e-05  4.95178118e-02  1.64214000e-05  5.00000000e+00 
 1.64418800e-05  4.96414516e-02  1.64418800e-05  5.00000000e+00 
 1.64828400e-05  4.98887219e-02  1.64828400e-05  5.00000000e+00 
 1.65328400e-05  5.01905487e-02  1.65328400e-05  5.00000000e+00 
 1.65828400e-05  5.04923572e-02  1.65828400e-05  5.00000000e+00 
 1.66328400e-05  5.07941472e-02  1.66328400e-05  5.00000000e+00 
 1.66828400e-05  5.10959189e-02  1.66828400e-05  5.00000000e+00 
 1.67328400e-05  5.13976721e-02  1.67328400e-05  5.00000000e+00 
 1.67828400e-05  5.16994070e-02  1.67828400e-05  5.00000000e+00 
 1.68328400e-05  5.20011234e-02  1.68328400e-05  5.00000000e+00 
 1.68828400e-05  5.23028215e-02  1.68828400e-05  5.00000000e+00 
 1.69328400e-05  5.26045011e-02  1.69328400e-05  5.00000000e+00 
 1.69828400e-05  5.29061624e-02  1.69828400e-05  5.00000000e+00 
 1.70328400e-05  5.32078052e-02  1.70328400e-05  5.00000000e+00 
 1.70828400e-05  5.35094297e-02  1.70828400e-05  5.00000000e+00 
 1.71328400e-05  5.38110358e-02  1.71328400e-05  5.00000000e+00 
 1.71828400e-05  5.41126235e-02  1.71828400e-05  5.00000000e+00 
 1.72328400e-05  5.44141928e-02  1.72328400e-05  5.00000000e+00 
 1.72828400e-05  5.47157437e-02  1.72828400e-05  5.00000000e+00 
 1.73328400e-05  5.50172762e-02  1.73328400e-05  5.00000000e+00 
 1.73828400e-05  5.53187904e-02  1.73828400e-05  5.00000000e+00 
 1.74328400e-05  5.56202861e-02  1.74328400e-05  5.00000000e+00 
 1.74828400e-05  5.59217635e-02  1.74828400e-05  5.00000000e+00 
 1.75328400e-05  5.62232225e-02  1.75328400e-05  5.00000000e+00 
 1.75828400e-05  5.65246631e-02  1.75828400e-05  5.00000000e+00 
 1.76328400e-05  5.68260854e-02  1.76328400e-05  5.00000000e+00 
 1.76828400e-05  5.71274892e-02  1.76828400e-05  5.00000000e+00 
 1.77328400e-05  5.74288747e-02  1.77328400e-05  5.00000000e+00 
 1.77828400e-05  5.77302418e-02  1.77828400e-05  5.00000000e+00 
 1.78328400e-05  5.80315905e-02  1.78328400e-05  5.00000000e+00 
 1.78828400e-05  5.83329209e-02  1.78828400e-05  5.00000000e+00 
 1.79328400e-05  5.86342328e-02  1.79328400e-05  5.00000000e+00 
 1.79828400e-05  5.89355265e-02  1.79828400e-05  5.00000000e+00 
 1.80328400e-05  5.92368017e-02  1.80328400e-05  5.00000000e+00 
 1.80828400e-05  5.95380586e-02  1.80828400e-05  5.00000000e+00 
 1.81328400e-05  5.98392970e-02  1.81328400e-05  5.00000000e+00 
 1.81828400e-05  6.01405172e-02  1.81828400e-05  5.00000000e+00 
 1.82328400e-05  6.04417189e-02  1.82328400e-05  5.00000000e+00 
 1.82828400e-05  6.07429023e-02  1.82828400e-05  5.00000000e+00 
 1.83328400e-05  6.10440674e-02  1.83328400e-05  5.00000000e+00 
 1.83828400e-05  6.13452140e-02  1.83828400e-05  5.00000000e+00 
 1.84328400e-05  6.16463423e-02  1.84328400e-05  5.00000000e+00 
 1.84828400e-05  6.19474523e-02  1.84828400e-05  5.00000000e+00 
 1.85328400e-05  6.22485439e-02  1.85328400e-05  5.00000000e+00 
 1.85828400e-05  6.25496171e-02  1.85828400e-05  5.00000000e+00 
 1.86328400e-05  6.28506720e-02  1.86328400e-05  5.00000000e+00 
 1.86828400e-05  6.31517085e-02  1.86828400e-05  5.00000000e+00 
 1.87328400e-05  6.34527266e-02  1.87328400e-05  5.00000000e+00 
 1.87828400e-05  6.37537264e-02  1.87828400e-05  5.00000000e+00 
 1.88328400e-05  6.40547079e-02  1.88328400e-05  5.00000000e+00 
 1.88828400e-05  6.43556710e-02  1.88828400e-05  5.00000000e+00 
 1.89328400e-05  6.46566157e-02  1.89328400e-05  5.00000000e+00 
 1.89828400e-05  6.49575421e-02  1.89828400e-05  5.00000000e+00 
 1.90328400e-05  6.52584502e-02  1.90328400e-05  5.00000000e+00 
 1.90828400e-05  6.55593399e-02  1.90828400e-05  5.00000000e+00 
 1.91328400e-05  6.58602112e-02  1.91328400e-05  5.00000000e+00 
 1.91828400e-05  6.61610642e-02  1.91828400e-05  5.00000000e+00 
 1.92328400e-05  6.64618989e-02  1.92328400e-05  5.00000000e+00 
 1.92828400e-05  6.67627152e-02  1.92828400e-05  5.00000000e+00 
 1.93328400e-05  6.70635132e-02  1.93328400e-05  5.00000000e+00 
 1.93828400e-05  6.73642929e-02  1.93828400e-05  5.00000000e+00 
 1.94328400e-05  6.76650542e-02  1.94328400e-05  5.00000000e+00 
 1.94828400e-05  6.79657971e-02  1.94828400e-05  5.00000000e+00 
 1.95328400e-05  6.82665217e-02  1.95328400e-05  5.00000000e+00 
 1.95828400e-05  6.85672280e-02  1.95828400e-05  5.00000000e+00 
 1.96328400e-05  6.88679160e-02  1.96328400e-05  5.00000000e+00 
 1.96828400e-05  6.91685856e-02  1.96828400e-05  5.00000000e+00 
 1.97328400e-05  6.94692369e-02  1.97328400e-05  5.00000000e+00 
 1.97828400e-05  6.97698698e-02  1.97828400e-05  5.00000000e+00 
 1.98328400e-05  7.00704845e-02  1.98328400e-05  5.00000000e+00 
 1.98828400e-05  7.03710808e-02  1.98828400e-05  5.00000000e+00 
 1.99328400e-05  7.06716587e-02  1.99328400e-05  5.00000000e+00 
 1.99828400e-05  7.09722184e-02  1.99828400e-05  5.00000000e+00 
 2.00328400e-05  7.12727597e-02  2.00328400e-05  5.00000000e+00 
 2.00828400e-05  7.15732827e-02  2.00828400e-05  5.00000000e+00 
 2.01328400e-05  7.18737873e-02  2.01328400e-05  5.00000000e+00 
 2.01828400e-05  7.21742737e-02  2.01828400e-05  5.00000000e+00 
 2.02328400e-05  7.24747417e-02  2.02328400e-05  5.00000000e+00 
 2.02828400e-05  7.27751914e-02  2.02828400e-05  5.00000000e+00 
 2.03328400e-05  7.30756228e-02  2.03328400e-05  5.00000000e+00 
 2.03828400e-05  7.33760358e-02  2.03828400e-05  5.00000000e+00 
 2.04328400e-05  7.36764306e-02  2.04328400e-05  5.00000000e+00 
 2.04828400e-05  7.39768070e-02  2.04828400e-05  5.00000000e+00 
 2.05010000e-05  7.40858992e-02  2.05010000e-05  5.00000000e+00 
 2.05011000e-05  7.40864389e-02  2.05011000e-05  4.50000000e+00 
 2.05013000e-05  7.40873965e-02  2.05013000e-05  3.50000000e+00 
 2.05017000e-05  7.40885798e-02  2.05017000e-05  1.50000000e+00 
 2.05020000e-05  7.40888271e-02  2.05020000e-05  0.00000000e+00 
 2.05020800e-05  7.40888199e-02  2.05020800e-05  0.00000000e+00 
 2.05022400e-05  7.40888054e-02  2.05022400e-05  0.00000000e+00 
 2.05025600e-05  7.40887765e-02  2.05025600e-05  0.00000000e+00 
 2.05032000e-05  7.40887187e-02  2.05032000e-05  0.00000000e+00 
 2.05044800e-05  7.40886030e-02  2.05044800e-05  0.00000000e+00 
 2.05070400e-05  7.40883717e-02  2.05070400e-05  0.00000000e+00 
 2.05121600e-05  7.40879091e-02  2.05121600e-05  0.00000000e+00 
 2.05224000e-05  7.40869839e-02  2.05224000e-05  0.00000000e+00 
 2.05428800e-05  7.40851336e-02  2.05428800e-05  0.00000000e+00 
 2.05838400e-05  7.40814331e-02  2.05838400e-05  0.00000000e+00 
 2.06338400e-05  7.40769160e-02  2.06338400e-05  0.00000000e+00 
 2.06838400e-05  7.40723993e-02  2.06838400e-05  0.00000000e+00 
 2.07338400e-05  7.40678828e-02  2.07338400e-05  0.00000000e+00 
 2.07838400e-05  7.40633666e-02  2.07838400e-05  0.00000000e+00 
 2.08338400e-05  7.40588507e-02  2.08338400e-05  0.00000000e+00 
 2.08838400e-05  7.40543350e-02  2.08838400e-05  0.00000000e+00 
 2.09338400e-05  7.40498197e-02  2.09338400e-05  0.00000000e+00 
 2.09838400e-05  7.40453046e-02  2.09838400e-05  0.00000000e+00 
 2.10338400e-05  7.40407898e-02  2.10338400e-05  0.00000000e+00 
 2.10838400e-05  7.40362752e-02  2.10838400e-05  0.00000000e+00 
 2.11338400e-05  7.40317609e-02  2.11338400e-05  0.00000000e+00 
 2.11838400e-05  7.40272470e-02  2.11838400e-05  0.00000000e+00 
 2.12338400e-05  7.40227332e-02  2.12338400e-05  0.00000000e+00 
 2.12838400e-05  7.40182198e-02  2.12838400e-05  0.00000000e+00 
 2.13338400e-05  7.40137066e-02  2.13338400e-05  0.00000000e+00 
 2.13838400e-05  7.40091937e-02  2.13838400e-05  0.00000000e+00 
 2.14338400e-05  7.40046811e-02  2.14338400e-05  0.00000000e+00 
 2.14838400e-05  7.40001688e-02  2.14838400e-05  0.00000000e+00 
 2.15338400e-05  7.39956567e-02  2.15338400e-05  0.00000000e+00 
 2.15838400e-05  7.39911449e-02  2.15838400e-05  0.00000000e+00 
 2.16338400e-05  7.39866334e-02  2.16338400e-05  0.00000000e+00 
 2.16838400e-05  7.39821221e-02  2.16838400e-05  0.00000000e+00 
 2.17338400e-05  7.39776112e-02  2.17338400e-05  0.00000000e+00 
 2.17838400e-05  7.39731005e-02  2.17838400e-05  0.00000000e+00 
 2.18338400e-05  7.39685901e-02  2.18338400e-05  0.00000000e+00 
 2.18838400e-05  7.39640799e-02  2.18838400e-05  0.00000000e+00 
 2.19338400e-05  7.39595701e-02  2.19338400e-05  0.00000000e+00 
 2.19838400e-05  7.39550605e-02  2.19838400e-05  0.00000000e+00 
 2.20338400e-05  7.39505511e-02  2.20338400e-05  0.00000000e+00 
 2.20838400e-05  7.39460421e-02  2.20838400e-05  0.00000000e+00 
 2.21338400e-05  7.39415333e-02  2.21338400e-05  0.00000000e+00 
 2.21838400e-05  7.39370248e-02  2.21838400e-05  0.00000000e+00 
 2.22338400e-05  7.39325166e-02  2.22338400e-05  0.00000000e+00 
 2.22838400e-05  7.39280087e-02  2.22838400e-05  0.00000000e+00 
 2.23338400e-05  7.39235010e-02  2.23338400e-05  0.00000000e+00 
 2.23838400e-05  7.39189936e-02  2.23838400e-05  0.00000000e+00 
 2.24338400e-05  7.39144865e-02  2.24338400e-05  0.00000000e+00 
 2.24838400e-05  7.39099797e-02  2.24838400e-05  0.00000000e+00 
 2.25338400e-05  7.39054731e-02  2.25338400e-05  0.00000000e+00 
 2.25838400e-05  7.39009668e-02  2.25838400e-05  0.00000000e+00 
 2.26338400e-05  7.38964608e-02  2.26338400e-05  0.00000000e+00 
 2.26838400e-05  7.38919550e-02  2.26838400e-05  0.00000000e+00 
 2.27338400e-05  7.38874496e-02  2.27338400e-05  0.00000000e+00 
 2.27838400e-05  7.38829444e-02  2.27838400e-05  0.00000000e+00 
 2.28338400e-05  7.38784395e-02  2.28338400e-05  0.00000000e+00 
 2.28838400e-05  7.38739348e-02  2.28838400e-05  0.00000000e+00 
 2.29338400e-05  7.38694304e-02  2.29338400e-05  0.00000000e+00 
 2.29838400e-05  7.38649263e-02  2.29838400e-05  0.00000000e+00 
 2.30338400e-05  7.38604225e-02  2.30338400e-05  0.00000000e+00 
 2.30838400e-05  7.38559190e-02  2.30838400e-05  0.00000000e+00 
 2.31338400e-05  7.38514157e-02  2.31338400e-05  0.00000000e+00 
 2.31838400e-05  7.38469127e-02  2.31838400e-05  0.00000000e+00 
 2.32338400e-05  7.38424100e-02  2.32338400e-05  0.00000000e+00 
 2.32838400e-05  7.38379075e-02  2.32838400e-05  0.00000000e+00 
 2.33338400e-05  7.38334054e-02  2.33338400e-05  0.00000000e+00 
 2.33838400e-05  7.38289035e-02  2.33838400e-05  0.00000000e+00 
 2.34338400e-05  7.38244018e-02  2.34338400e-05  0.00000000e+00 
 2.34838400e-05  7.38199005e-02  2.34838400e-05  0.00000000e+00 
 2.35338400e-05  7.38153994e-02  2.35338400e-05  0.00000000e+00 
 2.35838400e-05  7.38108986e-02  2.35838400e-05  0.00000000e+00 
 2.36338400e-05  7.38063981e-02  2.36338400e-05  0.00000000e+00 
 2.36838400e-05  7.38018978e-02  2.36838400e-05  0.00000000e+00 
 2.37338400e-05  7.37973978e-02  2.37338400e-05  0.00000000e+00 
 2.37838400e-05  7.37928981e-02  2.37838400e-05  0.00000000e+00 
 2.38338400e-05  7.37883987e-02  2.38338400e-05  0.00000000e+00 
 2.38838400e-05  7.37838996e-02  2.38838400e-05  0.00000000e+00 
 2.39338400e-05  7.37794007e-02  2.39338400e-05  0.00000000e+00 
 2.39838400e-05  7.37749021e-02  2.39838400e-05  0.00000000e+00 
 2.40338400e-05  7.37704037e-02  2.40338400e-05  0.00000000e+00 
 2.40838400e-05  7.37659057e-02  2.40838400e-05  0.00000000e+00 
 2.41338400e-05  7.37614079e-02  2.41338400e-05  0.00000000e+00 
 2.41838400e-05  7.37569104e-02  2.41838400e-05  0.00000000e+00 
 2.42338400e-05  7.37524131e-02  2.42338400e-05  0.00000000e+00 
 2.42838400e-05  7.37479162e-02  2.42838400e-05  0.00000000e+00 
 2.43338400e-05  7.37434195e-02  2.43338400e-05  0.00000000e+00 
 2.43838400e-05  7.37389231e-02  2.43838400e-05  0.00000000e+00 
 2.44338400e-05  7.37344269e-02  2.44338400e-05  0.00000000e+00 
 2.44838400e-05  7.37299311e-02  2.44838400e-05  0.00000000e+00 
 2.45338400e-05  7.37254355e-02  2.45338400e-05  0.00000000e+00 
 2.45838400e-05  7.37209402e-02  2.45838400e-05  0.00000000e+00 
 2.46000000e-05  7.37194873e-02  2.46000000e-05  0.00000000e+00 
 2.46001000e-05  7.37195393e-02  2.46001000e-05  5.00000000e-01 
 2.46003000e-05  7.37197653e-02  2.46003000e-05  1.50000000e+00 
 2.46007000e-05  7.37209488e-02  2.46007000e-05  3.50000000e+00 
 2.46010000e-05  7.37224767e-02  2.46010000e-05  5.00000000e+00 
 2.46010800e-05  7.37229573e-02  2.46010800e-05  5.00000000e+00 
 2.46012400e-05  7.37239185e-02  2.46012400e-05  5.00000000e+00 
 2.46015600e-05  7.37258410e-02  2.46015600e-05  5.00000000e+00 
 2.46022000e-05  7.37296859e-02  2.46022000e-05  5.00000000e+00 
 2.46034800e-05  7.37373757e-02  2.46034800e-05  5.00000000e+00 
 2.46060400e-05  7.37527552e-02  2.46060400e-05  5.00000000e+00 
 2.46111600e-05  7.37835141e-02  2.46111600e-05  5.00000000e+00 
 2.46214000e-05  7.38450314e-02  2.46214000e-05  5.00000000e+00 
 2.46418800e-05  7.39680635e-02  2.46418800e-05  5.00000000e+00 
 2.46828400e-05  7.42141187e-02  2.46828400e-05  5.00000000e+00 
 2.47328400e-05  7.45144623e-02  2.47328400e-05  5.00000000e+00 
 2.47828400e-05  7.48147877e-02  2.47828400e-05  5.00000000e+00 
 2.48328400e-05  7.51150947e-02  2.48328400e-05  5.00000000e+00 
 2.48828400e-05  7.54153834e-02  2.48828400e-05  5.00000000e+00 
 2.49328400e-05  7.57156538e-02  2.49328400e-05  5.00000000e+00 
 2.49828400e-05  7.60159059e-02  2.49828400e-05  5.00000000e+00 
 2.50000000e-05  7.61189482e-02  2.50000000e-05  5.00000000e+00 
