 0.00000000e+00  0.00000000e+00  0.00000000e+00  0.00000000e+00 
 1.00000000e-11  6.09756090e-10  1.00000000e-11  5.00000000e-02 
 1.45920001e-11  1.01833210e-09  1.45920001e-11  7.29600006e-02 
 2.37760003e-11  2.09263612e-09  2.37760003e-11  1.18880002e-01 
 4.21440008e-11  5.78415618e-09  4.21440008e-11  2.10720004e-01 
 7.88800017e-11  1.93388442e-08  7.88800017e-11  3.94400008e-01 
 1.52352003e-10  7.11348106e-08  1.52352003e-10  7.61760017e-01 
 2.99296007e-10  2.73473093e-07  2.99296007e-10  1.49648004e+00 
 5.93184014e-10  1.07313497e-06  5.93184014e-10  2.96592007e+00 
 1.00000000e-09  3.04914835e-06  1.00000000e-09  5.00000000e+00 
 1.05877760e-09  3.40754812e-06  1.05877760e-09  5.00000000e+00 
 1.17633280e-09  4.12434760e-06  1.17633280e-09  5.00000000e+00 
 1.41144321e-09  5.55794624e-06  1.41144321e-09  5.00000000e+00 
 1.88166402e-09  8.42514230e-06  1.88166402e-09  5.00000000e+00 
 2.82210564e-09  1.41595295e-05  2.82210564e-09  5.00000000e+00 
 4.70298889e-09  2.56282841e-05  4.70298889e-09  5.00000000e+00 
 8.46475538e-09  4.85657145e-05  8.46475538e-09  5.00000000e+00 
 1.59882884e-08  9.44402596e-05  1.59882884e-08  5.00000000e+00 
 3.10353543e-08  1.86188087e-04  3.10353543e-08  5.00000000e+00 
 6.11294863e-08  3.69678691e-04  6.11294863e-08  5.00000000e+00 
 1.21317750e-07  7.36639698e-04  1.21317750e-07  5.00000000e+00 
 2.41694278e-07  1.47048091e-03  2.41694278e-07  5.00000000e+00 
 4.82447333e-07  2.93784020e-03  4.82447333e-07  5.00000000e+00 
 9.63953444e-07  5.87126671e-03  9.63953444e-07  5.00000000e+00 
 1.92696567e-06  1.17329552e-02  1.92696567e-06  5.00000000e+00 
 3.85299011e-06  2.34357044e-02  3.85299011e-06  5.00000000e+00 
 5.85299011e-06  3.55588818e-02  5.85299011e-06  5.00000000e+00 
 7.85299011e-06  4.76525264e-02  7.85299011e-06  5.00000000e+00 
 9.85299011e-06  5.97167103e-02  9.85299011e-06  5.00000000e+00 
 1.18529901e-05  7.17515051e-02  1.18529901e-05  5.00000000e+00 
 1.38529901e-05  8.37569826e-02  1.38529901e-05  5.00000000e+00 
 1.58529901e-05  9.57332140e-02  1.58529901e-05  5.00000000e+00 
 1.78529901e-05  1.07680271e-01  1.78529901e-05  5.00000000e+00 
 1.98529901e-05  1.19598224e-01  1.98529901e-05  5.00000000e+00 
 2.18529901e-05  1.31487144e-01  2.18529901e-05  5.00000000e+00 
 2.38529901e-05  1.43347102e-01  2.38529901e-05  5.00000000e+00 
 2.58529901e-05  1.55178169e-01  2.58529901e-05  5.00000000e+00 
 2.78529901e-05  1.66980415e-01  2.78529901e-05  5.00000000e+00 
 2.98529901e-05  1.78753909e-01  2.98529901e-05  5.00000000e+00 
 3.18529901e-05  1.90498723e-01  3.18529901e-05  5.00000000e+00 
 3.38529901e-05  2.02214926e-01  3.38529901e-05  5.00000000e+00 
 3.58529901e-05  2.13902588e-01  3.58529901e-05  5.00000000e+00 
 3.78529901e-05  2.25561778e-01  3.78529901e-05  5.00000000e+00 
 3.98529901e-05  2.37192565e-01  3.98529901e-05  5.00000000e+00 
 4.18529901e-05  2.48795019e-01  4.18529901e-05  5.00000000e+00 
 4.38529901e-05  2.60369209e-01  4.38529901e-05  5.00000000e+00 
 4.58529901e-05  2.71915204e-01  4.58529901e-05  5.00000000e+00 
 4.78529901e-05  2.83433072e-01  4.78529901e-05  5.00000000e+00 
 4.98529901e-05  2.94922881e-01  4.98529901e-05  5.00000000e+00 
 5.18529901e-05  3.06384701e-01  5.18529901e-05  5.00000000e+00 
 5.38529901e-05  3.17818600e-01  5.38529901e-05  5.00000000e+00 
 5.58529901e-05  3.29224645e-01  5.58529901e-05  5.00000000e+00 
 5.78529901e-05  3.40602904e-01  5.78529901e-05  5.00000000e+00 
 5.98529901e-05  3.51953445e-01  5.98529901e-05  5.00000000e+00 
 6.18529901e-05  3.63276335e-01  6.18529901e-05  5.00000000e+00 
 6.38529901e-05  3.74571643e-01  6.38529901e-05  5.00000000e+00 
 6.58529901e-05  3.85839434e-01  6.58529901e-05  5.00000000e+00 
 6.78529901e-05  3.97079776e-01  6.78529901e-05  5.00000000e+00 
 6.98529901e-05  4.08292737e-01  6.98529901e-05  5.00000000e+00 
 7.18529901e-05  4.19478382e-01  7.18529901e-05  5.00000000e+00 
 7.38529901e-05  4.30636778e-01  7.38529901e-05  5.00000000e+00 
 7.58529901e-05  4.41767992e-01  7.58529901e-05  5.00000000e+00 
 7.78529901e-05  4.52872089e-01  7.78529901e-05  5.00000000e+00 
 7.98529901e-05  4.63949136e-01  7.98529901e-05  5.00000000e+00 
 8.18529901e-05  4.74999199e-01  8.18529901e-05  5.00000000e+00 
 8.38529901e-05  4.86022344e-01  8.38529901e-05  5.00000000e+00 
 8.58529901e-05  4.97018635e-01  8.58529901e-05  5.00000000e+00 
 8.78529901e-05  5.07988139e-01  8.78529901e-05  5.00000000e+00 
 8.98529901e-05  5.18930921e-01  8.98529901e-05  5.00000000e+00 
 9.18529901e-05  5.29847045e-01  9.18529901e-05  5.00000000e+00 
 9.38529901e-05  5.40736578e-01  9.38529901e-05  5.00000000e+00 
 9.58529901e-05  5.51599582e-01  9.58529901e-05  5.00000000e+00 
 9.78529901e-05  5.62436124e-01  9.78529901e-05  5.00000000e+00 
 9.98529901e-05  5.73246267e-01  9.98529901e-05  5.00000000e+00 
 1.01852990e-04  5.84030077e-01  1.01852990e-04  5.00000000e+00 
 1.03852990e-04  5.94787616e-01  1.03852990e-04  5.00000000e+00 
 1.05852990e-04  6.05518950e-01  1.05852990e-04  5.00000000e+00 
 1.07852990e-04  6.16224141e-01  1.07852990e-04  5.00000000e+00 
 1.09852990e-04  6.26903254e-01  1.09852990e-04  5.00000000e+00 
 1.11852990e-04  6.37556352e-01  1.11852990e-04  5.00000000e+00 
 1.13852990e-04  6.48183498e-01  1.13852990e-04  5.00000000e+00 
 1.15852990e-04  6.58784757e-01  1.15852990e-04  5.00000000e+00 
 1.17852990e-04  6.69360190e-01  1.17852990e-04  5.00000000e+00 
 1.19852990e-04  6.79909860e-01  1.19852990e-04  5.00000000e+00 
 1.21852990e-04  6.90433831e-01  1.21852990e-04  5.00000000e+00 
 1.23852990e-04  7.00932166e-01  1.23852990e-04  5.00000000e+00 
 1.25852990e-04  7.11404925e-01  1.25852990e-04  5.00000000e+00 
 1.27852990e-04  7.21852173e-01  1.27852990e-04  5.00000000e+00 
 1.29852990e-04  7.32273970e-01  1.29852990e-04  5.00000000e+00 
 1.31852990e-04  7.42670379e-01  1.31852990e-04  5.00000000e+00 
 1.33852990e-04  7.53041463e-01  1.33852990e-04  5.00000000e+00 
 1.35852990e-04  7.63387281e-01  1.35852990e-04  5.00000000e+00 
 1.37852990e-04  7.73707897e-01  1.37852990e-04  5.00000000e+00 
 1.39852990e-04  7.84003371e-01  1.39852990e-04  5.00000000e+00 
 1.41852990e-04  7.94273765e-01  1.41852990e-04  5.00000000e+00 
 1.43852990e-04  8.04519139e-01  1.43852990e-04  5.00000000e+00 
 1.45852990e-04  8.14739555e-01  1.45852990e-04  5.00000000e+00 
 1.47852990e-04  8.24935074e-01  1.47852990e-04  5.00000000e+00 
 1.49852990e-04  8.35105756e-01  1.49852990e-04  5.00000000e+00 
 1.51852990e-04  8.45251662e-01  1.51852990e-04  5.00000000e+00 
 1.53852990e-04  8.55372851e-01  1.53852990e-04  5.00000000e+00 
 1.55852990e-04  8.65469385e-01  1.55852990e-04  5.00000000e+00 
 1.57852990e-04  8.75541323e-01  1.57852990e-04  5.00000000e+00 
 1.59852990e-04  8.85588726e-01  1.59852990e-04  5.00000000e+00 
 1.61852990e-04  8.95611652e-01  1.61852990e-04  5.00000000e+00 
 1.63852990e-04  9.05610162e-01  1.63852990e-04  5.00000000e+00 
 1.65852990e-04  9.15584315e-01  1.65852990e-04  5.00000000e+00 
 1.67852990e-04  9.25534171e-01  1.67852990e-04  5.00000000e+00 
 1.69852990e-04  9.35459788e-01  1.69852990e-04  5.00000000e+00 
 1.71852990e-04  9.45361225e-01  1.71852990e-04  5.00000000e+00 
 1.73852990e-04  9.55238543e-01  1.73852990e-04  5.00000000e+00 
 1.75852990e-04  9.65091798e-01  1.75852990e-04  5.00000000e+00 
 1.77852990e-04  9.74921051e-01  1.77852990e-04  5.00000000e+00 
 1.79852990e-04  9.84726359e-01  1.79852990e-04  5.00000000e+00 
 1.81852990e-04  9.94507781e-01  1.81852990e-04  5.00000000e+00 
 1.83852990e-04  1.00426537e+00  1.83852990e-04  5.00000000e+00 
 1.85852990e-04  1.01399920e+00  1.85852990e-04  5.00000000e+00 
 1.87852990e-04  1.02370931e+00  1.87852990e-04  5.00000000e+00 
 1.89852990e-04  1.03339577e+00  1.89852990e-04  5.00000000e+00 
 1.91852990e-04  1.04305863e+00  1.91852990e-04  5.00000000e+00 
 1.93852990e-04  1.05269795e+00  1.93852990e-04  5.00000000e+00 
 1.95852990e-04  1.06231379e+00  1.95852990e-04  5.00000000e+00 
 1.97852990e-04  1.07190620e+00  1.97852990e-04  5.00000000e+00 
 1.99852990e-04  1.08147525e+00  1.99852990e-04  5.00000000e+00 
 2.01852990e-04  1.09102099e+00  2.01852990e-04  5.00000000e+00 
 2.03852990e-04  1.10054347e+00  2.03852990e-04  5.00000000e+00 
 2.05852990e-04  1.11004275e+00  2.05852990e-04  5.00000000e+00 
 2.07852990e-04  1.11951890e+00  2.07852990e-04  5.00000000e+00 
 2.09852990e-04  1.12897196e+00  2.09852990e-04  5.00000000e+00 
 2.11852990e-04  1.13840199e+00  2.11852990e-04  5.00000000e+00 
 2.13852990e-04  1.14780905e+00  2.13852990e-04  5.00000000e+00 
 2.15852990e-04  1.15719319e+00  2.15852990e-04  5.00000000e+00 
 2.17852990e-04  1.16655448e+00  2.17852990e-04  5.00000000e+00 
 2.19852990e-04  1.17589296e+00  2.19852990e-04  5.00000000e+00 
 2.21852990e-04  1.18520868e+00  2.21852990e-04  5.00000000e+00 
 2.23852990e-04  1.19450172e+00  2.23852990e-04  5.00000000e+00 
 2.25852990e-04  1.20377212e+00  2.25852990e-04  5.00000000e+00 
 2.27852990e-04  1.21301993e+00  2.27852990e-04  5.00000000e+00 
 2.29852990e-04  1.22224522e+00  2.29852990e-04  5.00000000e+00 
 2.31852990e-04  1.23144803e+00  2.31852990e-04  5.00000000e+00 
 2.33852990e-04  1.24062843e+00  2.33852990e-04  5.00000000e+00 
 2.35852990e-04  1.24978646e+00  2.35852990e-04  5.00000000e+00 
 2.37852990e-04  1.25892218e+00  2.37852990e-04  5.00000000e+00 
 2.39852990e-04  1.26803565e+00  2.39852990e-04  5.00000000e+00 
 2.41852990e-04  1.27712691e+00  2.41852990e-04  5.00000000e+00 
 2.43852990e-04  1.28619603e+00  2.43852990e-04  5.00000000e+00 
 2.45852990e-04  1.29524305e+00  2.45852990e-04  5.00000000e+00 
 2.47852990e-04  1.30426804e+00  2.47852990e-04  5.00000000e+00 
 2.49852990e-04  1.31327104e+00  2.49852990e-04  5.00000000e+00 
 2.51852990e-04  1.32225211e+00  2.51852990e-04  5.00000000e+00 
 2.53852990e-04  1.33121130e+00  2.53852990e-04  5.00000000e+00 
 2.55852990e-04  1.34014867e+00  2.55852990e-04  5.00000000e+00 
 2.57852990e-04  1.34906426e+00  2.57852990e-04  5.00000000e+00 
 2.59852990e-04  1.35795814e+00  2.59852990e-04  5.00000000e+00 
 2.61852990e-04  1.36683035e+00  2.61852990e-04  5.00000000e+00 
 2.63852990e-04  1.37568094e+00  2.63852990e-04  5.00000000e+00 
 2.65852990e-04  1.38450998e+00  2.65852990e-04  5.00000000e+00 
 2.67852990e-04  1.39331751e+00  2.67852990e-04  5.00000000e+00 
 2.69852990e-04  1.40210358e+00  2.69852990e-04  5.00000000e+00 
 2.71852990e-04  1.41086825e+00  2.71852990e-04  5.00000000e+00 
 2.73852990e-04  1.41961156e+00  2.73852990e-04  5.00000000e+00 
 2.75852990e-04  1.42833358e+00  2.75852990e-04  5.00000000e+00 
 2.77852990e-04  1.43703435e+00  2.77852990e-04  5.00000000e+00 
 2.79852990e-04  1.44571393e+00  2.79852990e-04  5.00000000e+00 
 2.81852990e-04  1.45437236e+00  2.81852990e-04  5.00000000e+00 
 2.83852990e-04  1.46300970e+00  2.83852990e-04  5.00000000e+00 
 2.85852990e-04  1.47162600e+00  2.85852990e-04  5.00000000e+00 
 2.87852990e-04  1.48022130e+00  2.87852990e-04  5.00000000e+00 
 2.89852990e-04  1.48879567e+00  2.89852990e-04  5.00000000e+00 
 2.91852990e-04  1.49734915e+00  2.91852990e-04  5.00000000e+00 
 2.93852990e-04  1.50588180e+00  2.93852990e-04  5.00000000e+00 
 2.95852990e-04  1.51439366e+00  2.95852990e-04  5.00000000e+00 
 2.97852990e-04  1.52288478e+00  2.97852990e-04  5.00000000e+00 
 2.99852990e-04  1.53135522e+00  2.99852990e-04  5.00000000e+00 
 3.01852990e-04  1.53980503e+00  3.01852990e-04  5.00000000e+00 
 3.03852990e-04  1.54823425e+00  3.03852990e-04  5.00000000e+00 
 3.05852990e-04  1.55664293e+00  3.05852990e-04  5.00000000e+00 
 3.07852990e-04  1.56503114e+00  3.07852990e-04  5.00000000e+00 
 3.09852990e-04  1.57339890e+00  3.09852990e-04  5.00000000e+00 
 3.11852990e-04  1.58174629e+00  3.11852990e-04  5.00000000e+00 
 3.13852990e-04  1.59007334e+00  3.13852990e-04  5.00000000e+00 
 3.15852990e-04  1.59838010e+00  3.15852990e-04  5.00000000e+00 
 3.17852990e-04  1.60666663e+00  3.17852990e-04  5.00000000e+00 
 3.19852990e-04  1.61493297e+00  3.19852990e-04  5.00000000e+00 
 3.21852990e-04  1.62317918e+00  3.21852990e-04  5.00000000e+00 
 3.23852990e-04  1.63140529e+00  3.23852990e-04  5.00000000e+00 
 3.25852990e-04  1.63961137e+00  3.25852990e-04  5.00000000e+00 
 3.27852990e-04  1.64779746e+00  3.27852990e-04  5.00000000e+00 
 3.29852990e-04  1.65596360e+00  3.29852990e-04  5.00000000e+00 
 3.31852990e-04  1.66410985e+00  3.31852990e-04  5.00000000e+00 
 3.33852990e-04  1.67223626e+00  3.33852990e-04  5.00000000e+00 
 3.35852990e-04  1.68034287e+00  3.35852990e-04  5.00000000e+00 
 3.37852990e-04  1.68842973e+00  3.37852990e-04  5.00000000e+00 
 3.39852990e-04  1.69649690e+00  3.39852990e-04  5.00000000e+00 
 3.41852990e-04  1.70454441e+00  3.41852990e-04  5.00000000e+00 
 3.43852990e-04  1.71257231e+00  3.43852990e-04  5.00000000e+00 
 3.45852990e-04  1.72058066e+00  3.45852990e-04  5.00000000e+00 
 3.47852990e-04  1.72856951e+00  3.47852990e-04  5.00000000e+00 
 3.49852990e-04  1.73653889e+00  3.49852990e-04  5.00000000e+00 
 3.51852990e-04  1.74448885e+00  3.51852990e-04  5.00000000e+00 
 3.53852990e-04  1.75241945e+00  3.53852990e-04  5.00000000e+00 
 3.55852990e-04  1.76033073e+00  3.55852990e-04  5.00000000e+00 
 3.57852990e-04  1.76822274e+00  3.57852990e-04  5.00000000e+00 
 3.59852990e-04  1.77609552e+00  3.59852990e-04  5.00000000e+00 
 3.61852990e-04  1.78394913e+00  3.61852990e-04  5.00000000e+00 
 3.63852990e-04  1.79178360e+00  3.63852990e-04  5.00000000e+00 
 3.65852990e-04  1.79959899e+00  3.65852990e-04  5.00000000e+00 
 3.67852990e-04  1.80739533e+00  3.67852990e-04  5.00000000e+00 
 3.69852990e-04  1.81517269e+00  3.69852990e-04  5.00000000e+00 
 3.71852990e-04  1.82293110e+00  3.71852990e-04  5.00000000e+00 
 3.73852990e-04  1.83067061e+00  3.73852990e-04  5.00000000e+00 
 3.75852990e-04  1.83839127e+00  3.75852990e-04  5.00000000e+00 
 3.77852990e-04  1.84609311e+00  3.77852990e-04  5.00000000e+00 
 3.79852990e-04  1.85377620e+00  3.79852990e-04  5.00000000e+00 
 3.81852990e-04  1.86144057e+00  3.81852990e-04  5.00000000e+00 
 3.83852990e-04  1.86908627e+00  3.83852990e-04  5.00000000e+00 
 3.85852990e-04  1.87671334e+00  3.85852990e-04  5.00000000e+00 
 3.87852990e-04  1.88432184e+00  3.87852990e-04  5.00000000e+00 
 3.89852990e-04  1.89191180e+00  3.89852990e-04  5.00000000e+00 
 3.91852990e-04  1.89948327e+00  3.91852990e-04  5.00000000e+00 
 3.93852990e-04  1.90703629e+00  3.93852990e-04  5.00000000e+00 
 3.95852990e-04  1.91457092e+00  3.95852990e-04  5.00000000e+00 
 3.97852990e-04  1.92208719e+00  3.97852990e-04  5.00000000e+00 
 3.99852990e-04  1.92958515e+00  3.99852990e-04  5.00000000e+00 
 4.01852990e-04  1.93706484e+00  4.01852990e-04  5.00000000e+00 
 4.03852990e-04  1.94452632e+00  4.03852990e-04  5.00000000e+00 
 4.05852990e-04  1.95196961e+00  4.05852990e-04  5.00000000e+00 
 4.07852990e-04  1.95939478e+00  4.07852990e-04  5.00000000e+00 
 4.09852990e-04  1.96680186e+00  4.09852990e-04  5.00000000e+00 
 4.10001000e-04  1.96734930e+00  4.10001000e-04  5.00000000e+00 
 4.10001100e-04  1.96734961e+00  4.10001100e-04  4.50000000e+00 
 4.10001300e-04  1.96735010e+00  4.10001300e-04  3.50000000e+00 
 4.10001700e-04  1.96735036e+00  4.10001700e-04  1.50000000e+00 
 4.10002000e-04  1.96734992e+00  4.10002000e-04  0.00000000e+00 
 4.10002080e-04  1.96734973e+00  4.10002080e-04  0.00000000e+00 
 4.10002240e-04  1.96734934e+00  4.10002240e-04  0.00000000e+00 
 4.10002560e-04  1.96734857e+00  4.10002560e-04  0.00000000e+00 
 4.10003200e-04  1.96734704e+00  4.10003200e-04  0.00000000e+00 
 4.10004480e-04  1.96734397e+00  4.10004480e-04  0.00000000e+00 
 4.10007040e-04  1.96733783e+00  4.10007040e-04  0.00000000e+00 
 4.10012160e-04  1.96732554e+00  4.10012160e-04  0.00000000e+00 
 4.10022400e-04  1.96730097e+00  4.10022400e-04  0.00000000e+00 
 4.10042880e-04  1.96725184e+00  4.10042880e-04  0.00000000e+00 
 4.10083840e-04  1.96715358e+00  4.10083840e-04  0.00000000e+00 
 4.10165760e-04  1.96695706e+00  4.10165760e-04  0.00000000e+00 
 4.10329600e-04  1.96656409e+00  4.10329600e-04  0.00000000e+00 
 4.10657280e-04  1.96577839e+00  4.10657280e-04  0.00000000e+00 
 4.11312640e-04  1.96420793e+00  4.11312640e-04  0.00000000e+00 
 4.12623360e-04  1.96107077e+00  4.12623360e-04  0.00000000e+00 
 4.14623360e-04  1.95629350e+00  4.14623360e-04  0.00000000e+00 
 4.16623360e-04  1.95152786e+00  4.16623360e-04  0.00000000e+00 
 4.18623360e-04  1.94677384e+00  4.18623360e-04  0.00000000e+00 
 4.20623360e-04  1.94203139e+00  4.20623360e-04  0.00000000e+00 
 4.22623360e-04  1.93730050e+00  4.22623360e-04  0.00000000e+00 
 4.24623360e-04  1.93258113e+00  4.24623360e-04  0.00000000e+00 
 4.26623360e-04  1.92787326e+00  4.26623360e-04  0.00000000e+00 
 4.28623360e-04  1.92317686e+00  4.28623360e-04  0.00000000e+00 
 4.30623360e-04  1.91849190e+00  4.30623360e-04  0.00000000e+00 
 4.32623360e-04  1.91381835e+00  4.32623360e-04  0.00000000e+00 
 4.34623360e-04  1.90915618e+00  4.34623360e-04  0.00000000e+00 
 4.36623360e-04  1.90450538e+00  4.36623360e-04  0.00000000e+00 
 4.38623360e-04  1.89986590e+00  4.38623360e-04  0.00000000e+00 
 4.40623360e-04  1.89523772e+00  4.40623360e-04  0.00000000e+00 
 4.42623360e-04  1.89062082e+00  4.42623360e-04  0.00000000e+00 
 4.44623360e-04  1.88601517e+00  4.44623360e-04  0.00000000e+00 
 4.46623360e-04  1.88142074e+00  4.46623360e-04  0.00000000e+00 
 4.48623360e-04  1.87683749e+00  4.48623360e-04  0.00000000e+00 
 4.50623360e-04  1.87226542e+00  4.50623360e-04  0.00000000e+00 
 4.52623360e-04  1.86770448e+00  4.52623360e-04  0.00000000e+00 
 4.54623360e-04  1.86315465e+00  4.54623360e-04  0.00000000e+00 
 4.56623360e-04  1.85861591e+00  4.56623360e-04  0.00000000e+00 
 4.58623360e-04  1.85408822e+00  4.58623360e-04  0.00000000e+00 
 4.60623360e-04  1.84957156e+00  4.60623360e-04  0.00000000e+00 
 4.62623360e-04  1.84506590e+00  4.62623360e-04  0.00000000e+00 
 4.64623360e-04  1.84057122e+00  4.64623360e-04  0.00000000e+00 
 4.66623360e-04  1.83608749e+00  4.66623360e-04  0.00000000e+00 
 4.68623360e-04  1.83161469e+00  4.68623360e-04  0.00000000e+00 
 4.70623360e-04  1.82715278e+00  4.70623360e-04  0.00000000e+00 
 4.72623360e-04  1.82270173e+00  4.72623360e-04  0.00000000e+00 
 4.74623360e-04  1.81826153e+00  4.74623360e-04  0.00000000e+00 
 4.76623360e-04  1.81383215e+00  4.76623360e-04  0.00000000e+00 
 4.78623360e-04  1.80941356e+00  4.78623360e-04  0.00000000e+00 
 4.80623360e-04  1.80500573e+00  4.80623360e-04  0.00000000e+00 
 4.82623360e-04  1.80060864e+00  4.82623360e-04  0.00000000e+00 
 4.84623360e-04  1.79622226e+00  4.84623360e-04  0.00000000e+00 
 4.86623360e-04  1.79184657e+00  4.86623360e-04  0.00000000e+00 
 4.88623360e-04  1.78748153e+00  4.88623360e-04  0.00000000e+00 
 4.90623360e-04  1.78312713e+00  4.90623360e-04  0.00000000e+00 
 4.92623360e-04  1.77878334e+00  4.92623360e-04  0.00000000e+00 
 4.94623360e-04  1.77445013e+00  4.94623360e-04  0.00000000e+00 
 4.96623360e-04  1.77012747e+00  4.96623360e-04  0.00000000e+00 
 4.98623360e-04  1.76581535e+00  4.98623360e-04  0.00000000e+00 
 5.00623360e-04  1.76151373e+00  5.00623360e-04  0.00000000e+00 
 5.02623360e-04  1.75722258e+00  5.02623360e-04  0.00000000e+00 
 5.04623360e-04  1.75294190e+00  5.04623360e-04  0.00000000e+00 
 5.06623360e-04  1.74867163e+00  5.06623360e-04  0.00000000e+00 
 5.08623360e-04  1.74441178e+00  5.08623360e-04  0.00000000e+00 
 5.10623360e-04  1.74016230e+00  5.10623360e-04  0.00000000e+00 
 5.12623360e-04  1.73592317e+00  5.12623360e-04  0.00000000e+00 
 5.14623360e-04  1.73169437e+00  5.14623360e-04  0.00000000e+00 
 5.16623360e-04  1.72747587e+00  5.16623360e-04  0.00000000e+00 
 5.18623360e-04  1.72326764e+00  5.18623360e-04  0.00000000e+00 
 5.20623360e-04  1.71906967e+00  5.20623360e-04  0.00000000e+00 
 5.22623360e-04  1.71488192e+00  5.22623360e-04  0.00000000e+00 
 5.24623360e-04  1.71070438e+00  5.24623360e-04  0.00000000e+00 
 5.26623360e-04  1.70653701e+00  5.26623360e-04  0.00000000e+00 
 5.28623360e-04  1.70237980e+00  5.28623360e-04  0.00000000e+00 
 5.30623360e-04  1.69823271e+00  5.30623360e-04  0.00000000e+00 
 5.32623360e-04  1.69409572e+00  5.32623360e-04  0.00000000e+00 
 5.34623360e-04  1.68996881e+00  5.34623360e-04  0.00000000e+00 
 5.36623360e-04  1.68585196e+00  5.36623360e-04  0.00000000e+00 
 5.38623360e-04  1.68174513e+00  5.38623360e-04  0.00000000e+00 
 5.40623360e-04  1.67764831e+00  5.40623360e-04  0.00000000e+00 
 5.42623360e-04  1.67356147e+00  5.42623360e-04  0.00000000e+00 
 5.44623360e-04  1.66948459e+00  5.44623360e-04  0.00000000e+00 
 5.46623360e-04  1.66541763e+00  5.46623360e-04  0.00000000e+00 
 5.48623360e-04  1.66136059e+00  5.48623360e-04  0.00000000e+00 
 5.50623360e-04  1.65731342e+00  5.50623360e-04  0.00000000e+00 
 5.52623360e-04  1.65327612e+00  5.52623360e-04  0.00000000e+00 
 5.54623360e-04  1.64924865e+00  5.54623360e-04  0.00000000e+00 
 5.56623360e-04  1.64523099e+00  5.56623360e-04  0.00000000e+00 
 5.58623360e-04  1.64122312e+00  5.58623360e-04  0.00000000e+00 
 5.60623360e-04  1.63722501e+00  5.60623360e-04  0.00000000e+00 
 5.62623360e-04  1.63323664e+00  5.62623360e-04  0.00000000e+00 
 5.64623360e-04  1.62925799e+00  5.64623360e-04  0.00000000e+00 
 5.66623360e-04  1.62528903e+00  5.66623360e-04  0.00000000e+00 
 5.68623360e-04  1.62132974e+00  5.68623360e-04  0.00000000e+00 
 5.70623360e-04  1.61738009e+00  5.70623360e-04  0.00000000e+00 
 5.72623360e-04  1.61344007e+00  5.72623360e-04  0.00000000e+00 
 5.74623360e-04  1.60950964e+00  5.74623360e-04  0.00000000e+00 
 5.76623360e-04  1.60558879e+00  5.76623360e-04  0.00000000e+00 
 5.78623360e-04  1.60167749e+00  5.78623360e-04  0.00000000e+00 
 5.80623360e-04  1.59777572e+00  5.80623360e-04  0.00000000e+00 
 5.82623360e-04  1.59388345e+00  5.82623360e-04  0.00000000e+00 
 5.84623360e-04  1.59000067e+00  5.84623360e-04  0.00000000e+00 
 5.86623360e-04  1.58612734e+00  5.86623360e-04  0.00000000e+00 
 5.88623360e-04  1.58226345e+00  5.88623360e-04  0.00000000e+00 
 5.90623360e-04  1.57840897e+00  5.90623360e-04  0.00000000e+00 
 5.92623360e-04  1.57456388e+00  5.92623360e-04  0.00000000e+00 
 5.94623360e-04  1.57072816e+00  5.94623360e-04  0.00000000e+00 
 5.96623360e-04  1.56690178e+00  5.96623360e-04  0.00000000e+00 
 5.98623360e-04  1.56308472e+00  5.98623360e-04  0.00000000e+00 
 6.00623360e-04  1.55927697e+00  6.00623360e-04  0.00000000e+00 
 6.02623360e-04  1.55547848e+00  6.02623360e-04  0.00000000e+00 
 6.04623360e-04  1.55168926e+00  6.04623360e-04  0.00000000e+00 
 6.06623360e-04  1.54790926e+00  6.06623360e-04  0.00000000e+00 
 6.08623360e-04  1.54413847e+00  6.08623360e-04  0.00000000e+00 
 6.10623360e-04  1.54037686e+00  6.10623360e-04  0.00000000e+00 
 6.12623360e-04  1.53662442e+00  6.12623360e-04  0.00000000e+00 
 6.14623360e-04  1.53288112e+00  6.14623360e-04  0.00000000e+00 
 6.16623360e-04  1.52914694e+00  6.16623360e-04  0.00000000e+00 
 6.18623360e-04  1.52542186e+00  6.18623360e-04  0.00000000e+00 
 6.20623360e-04  1.52170585e+00  6.20623360e-04  0.00000000e+00 
 6.22623360e-04  1.51799889e+00  6.22623360e-04  0.00000000e+00 
 6.24623360e-04  1.51430097e+00  6.24623360e-04  0.00000000e+00 
 6.26623360e-04  1.51061205e+00  6.26623360e-04  0.00000000e+00 
 6.28623360e-04  1.50693212e+00  6.28623360e-04  0.00000000e+00 
 6.30623360e-04  1.50326115e+00  6.30623360e-04  0.00000000e+00 
 6.32623360e-04  1.49959912e+00  6.32623360e-04  0.00000000e+00 
 6.34623360e-04  1.49594602e+00  6.34623360e-04  0.00000000e+00 
 6.36623360e-04  1.49230181e+00  6.36623360e-04  0.00000000e+00 
 6.38623360e-04  1.48866649e+00  6.38623360e-04  0.00000000e+00 
 6.40623360e-04  1.48504002e+00  6.40623360e-04  0.00000000e+00 
 6.42623360e-04  1.48142238e+00  6.42623360e-04  0.00000000e+00 
 6.44623360e-04  1.47781355e+00  6.44623360e-04  0.00000000e+00 
 6.46623360e-04  1.47421352e+00  6.46623360e-04  0.00000000e+00 
 6.48623360e-04  1.47062226e+00  6.48623360e-04  0.00000000e+00 
 6.50623360e-04  1.46703974e+00  6.50623360e-04  0.00000000e+00 
 6.52623360e-04  1.46346596e+00  6.52623360e-04  0.00000000e+00 
 6.54623360e-04  1.45990087e+00  6.54623360e-04  0.00000000e+00 
 6.56623360e-04  1.45634448e+00  6.56623360e-04  0.00000000e+00 
 6.58623360e-04  1.45279674e+00  6.58623360e-04  0.00000000e+00 
 6.60623360e-04  1.44925765e+00  6.60623360e-04  0.00000000e+00 
 6.62623360e-04  1.44572718e+00  6.62623360e-04  0.00000000e+00 
 6.64623360e-04  1.44220532e+00  6.64623360e-04  0.00000000e+00 
 6.66623360e-04  1.43869203e+00  6.66623360e-04  0.00000000e+00 
 6.68623360e-04  1.43518730e+00  6.68623360e-04  0.00000000e+00 
 6.70623360e-04  1.43169110e+00  6.70623360e-04  0.00000000e+00 
 6.72623360e-04  1.42820343e+00  6.72623360e-04  0.00000000e+00 
 6.74623360e-04  1.42472425e+00  6.74623360e-04  0.00000000e+00 
 6.76623360e-04  1.42125354e+00  6.76623360e-04  0.00000000e+00 
 6.78623360e-04  1.41779129e+00  6.78623360e-04  0.00000000e+00 
 6.80623360e-04  1.41433748e+00  6.80623360e-04  0.00000000e+00 
 6.82623360e-04  1.41089207e+00  6.82623360e-04  0.00000000e+00 
 6.84623360e-04  1.40745507e+00  6.84623360e-04  0.00000000e+00 
 6.86623360e-04  1.40402643e+00  6.86623360e-04  0.00000000e+00 
 6.88623360e-04  1.40060615e+00  6.88623360e-04  0.00000000e+00 
 6.90623360e-04  1.39719419e+00  6.90623360e-04  0.00000000e+00 
 6.92623360e-04  1.39379055e+00  6.92623360e-04  0.00000000e+00 
 6.94623360e-04  1.39039521e+00  6.94623360e-04  0.00000000e+00 
 6.96623360e-04  1.38700813e+00  6.96623360e-04  0.00000000e+00 
 6.98623360e-04  1.38362930e+00  6.98623360e-04  0.00000000e+00 
 7.00623360e-04  1.38025871e+00  7.00623360e-04  0.00000000e+00 
 7.02623360e-04  1.37689632e+00  7.02623360e-04  0.00000000e+00 
 7.04623360e-04  1.37354213e+00  7.04623360e-04  0.00000000e+00 
 7.06623360e-04  1.37019611e+00  7.06623360e-04  0.00000000e+00 
 7.08623360e-04  1.36685824e+00  7.08623360e-04  0.00000000e+00 
 7.10623360e-04  1.36352850e+00  7.10623360e-04  0.00000000e+00 
 7.12623360e-04  1.36020687e+00  7.12623360e-04  0.00000000e+00 
 7.14623360e-04  1.35689333e+00  7.14623360e-04  0.00000000e+00 
 7.16623360e-04  1.35358787e+00  7.16623360e-04  0.00000000e+00 
 7.18623360e-04  1.35029045e+00  7.18623360e-04  0.00000000e+00 
 7.20623360e-04  1.34700107e+00  7.20623360e-04  0.00000000e+00 
 7.22623360e-04  1.34371971e+00  7.22623360e-04  0.00000000e+00 
 7.24623360e-04  1.34044633e+00  7.24623360e-04  0.00000000e+00 
 7.26623360e-04  1.33718093e+00  7.26623360e-04  0.00000000e+00 
 7.28623360e-04  1.33392349e+00  7.28623360e-04  0.00000000e+00 
 7.30623360e-04  1.33067398e+00  7.30623360e-04  0.00000000e+00 
 7.32623360e-04  1.32743239e+00  7.32623360e-04  0.00000000e+00 
 7.34623360e-04  1.32419869e+00  7.34623360e-04  0.00000000e+00 
 7.36623360e-04  1.32097287e+00  7.36623360e-04  0.00000000e+00 
 7.38623360e-04  1.31775491e+00  7.38623360e-04  0.00000000e+00 
 7.40623360e-04  1.31454479e+00  7.40623360e-04  0.00000000e+00 
 7.42623360e-04  1.31134249e+00  7.42623360e-04  0.00000000e+00 
 7.44623360e-04  1.30814799e+00  7.44623360e-04  0.00000000e+00 
 7.46623360e-04  1.30496127e+00  7.46623360e-04  0.00000000e+00 
 7.48623360e-04  1.30178231e+00  7.48623360e-04  0.00000000e+00 
 7.50623360e-04  1.29861110e+00  7.50623360e-04  0.00000000e+00 
 7.52623360e-04  1.29544762e+00  7.52623360e-04  0.00000000e+00 
 7.54623360e-04  1.29229184e+00  7.54623360e-04  0.00000000e+00 
 7.56623360e-04  1.28914374e+00  7.56623360e-04  0.00000000e+00 
 7.58623360e-04  1.28600332e+00  7.58623360e-04  0.00000000e+00 
 7.60623360e-04  1.28287055e+00  7.60623360e-04  0.00000000e+00 
 7.62623360e-04  1.27974541e+00  7.62623360e-04  0.00000000e+00 
 7.64623360e-04  1.27662788e+00  7.64623360e-04  0.00000000e+00 
 7.66623360e-04  1.27351794e+00  7.66623360e-04  0.00000000e+00 
 7.68623360e-04  1.27041559e+00  7.68623360e-04  0.00000000e+00 
 7.70623360e-04  1.26732079e+00  7.70623360e-04  0.00000000e+00 
 7.72623360e-04  1.26423352e+00  7.72623360e-04  0.00000000e+00 
 7.74623360e-04  1.26115378e+00  7.74623360e-04  0.00000000e+00 
 7.76623360e-04  1.25808155e+00  7.76623360e-04  0.00000000e+00 
 7.78623360e-04  1.25501679e+00  7.78623360e-04  0.00000000e+00 
 7.80623360e-04  1.25195950e+00  7.80623360e-04  0.00000000e+00 
 7.82623360e-04  1.24890966e+00  7.82623360e-04  0.00000000e+00 
 7.84623360e-04  1.24586725e+00  7.84623360e-04  0.00000000e+00 
 7.86623360e-04  1.24283225e+00  7.86623360e-04  0.00000000e+00 
 7.88623360e-04  1.23980465e+00  7.88623360e-04  0.00000000e+00 
 7.90623360e-04  1.23678442e+00  7.90623360e-04  0.00000000e+00 
 7.92623360e-04  1.23377154e+00  7.92623360e-04  0.00000000e+00 
 7.94623360e-04  1.23076601e+00  7.94623360e-04  0.00000000e+00 
 7.96623360e-04  1.22776780e+00  7.96623360e-04  0.00000000e+00 
 7.98623360e-04  1.22477689e+00  7.98623360e-04  0.00000000e+00 
 8.00623360e-04  1.22179327e+00  8.00623360e-04  0.00000000e+00 
 8.02623360e-04  1.21881691e+00  8.02623360e-04  0.00000000e+00 
 8.04623360e-04  1.21584781e+00  8.04623360e-04  0.00000000e+00 
 8.06623360e-04  1.21288594e+00  8.06623360e-04  0.00000000e+00 
 8.08623360e-04  1.20993128e+00  8.08623360e-04  0.00000000e+00 
 8.10623360e-04  1.20698383e+00  8.10623360e-04  0.00000000e+00 
 8.12623360e-04  1.20404355e+00  8.12623360e-04  0.00000000e+00 
 8.14623360e-04  1.20111044e+00  8.14623360e-04  0.00000000e+00 
 8.16623360e-04  1.19818447e+00  8.16623360e-04  0.00000000e+00 
 8.18623360e-04  1.19526562e+00  8.18623360e-04  0.00000000e+00 
 8.20000000e-04  1.19326066e+00  8.20000000e-04  0.00000000e+00 
 8.20000100e-04  1.19326058e+00  8.20000100e-04  5.00000000e-01 
 8.20000300e-04  1.19326053e+00  8.20000300e-04  1.50000000e+00 
 8.20000700e-04  1.19326117e+00  8.20000700e-04  3.50000000e+00 
 8.20001000e-04  1.19326228e+00  8.20001000e-04  5.00000000e+00 
 8.20001080e-04  1.19326266e+00  8.20001080e-04  5.00000000e+00 
 8.20001240e-04  1.19326340e+00  8.20001240e-04  5.00000000e+00 
 8.20001560e-04  1.19326488e+00  8.20001560e-04  5.00000000e+00 
 8.20002200e-04  1.19326786e+00  8.20002200e-04  5.00000000e+00 
 8.20003480e-04  1.19327380e+00  8.20003480e-04  5.00000000e+00 
 8.20006040e-04  1.19328568e+00  8.20006040e-04  5.00000000e+00 
 8.20011160e-04  1.19330945e+00  8.20011160e-04  5.00000000e+00 
 8.20021400e-04  1.19335699e+00  8.20021400e-04  5.00000000e+00 
 8.20041880e-04  1.19345206e+00  8.20041880e-04  5.00000000e+00 
 8.20082840e-04  1.19364220e+00  8.20082840e-04  5.00000000e+00 
 8.20164760e-04  1.19402244e+00  8.20164760e-04  5.00000000e+00 
 8.20328600e-04  1.19478282e+00  8.20328600e-04  5.00000000e+00 
 8.20656280e-04  1.19630312e+00  8.20656280e-04  5.00000000e+00 
 8.21311640e-04  1.19934189e+00  8.21311640e-04  5.00000000e+00 
 8.22622360e-04  1.20541216e+00  8.22622360e-04  5.00000000e+00 
 8.24622360e-04  1.21465598e+00  8.24622360e-04  5.00000000e+00 
 8.26622360e-04  1.22387728e+00  8.26622360e-04  5.00000000e+00 
 8.28622360e-04  1.23307612e+00  8.28622360e-04  5.00000000e+00 
 8.30622360e-04  1.24225255e+00  8.30622360e-04  5.00000000e+00 
 8.32622360e-04  1.25140662e+00  8.32622360e-04  5.00000000e+00 
 8.34622360e-04  1.26053839e+00  8.34622360e-04  5.00000000e+00 
 8.36622360e-04  1.26964792e+00  8.36622360e-04  5.00000000e+00 
 8.38622360e-04  1.27873526e+00  8.38622360e-04  5.00000000e+00 
 8.40622360e-04  1.28780046e+00  8.40622360e-04  5.00000000e+00 
 8.42622360e-04  1.29684358e+00  8.42622360e-04  5.00000000e+00 
 8.44622360e-04  1.30586467e+00  8.44622360e-04  5.00000000e+00 
 8.46622360e-04  1.31486378e+00  8.46622360e-04  5.00000000e+00 
 8.48622360e-04  1.32384097e+00  8.48622360e-04  5.00000000e+00 
 8.50622360e-04  1.33279629e+00  8.50622360e-04  5.00000000e+00 
 8.52622360e-04  1.34172979e+00  8.52622360e-04  5.00000000e+00 
 8.54622360e-04  1.35064153e+00  8.54622360e-04  5.00000000e+00 
 8.56622360e-04  1.35953157e+00  8.56622360e-04  5.00000000e+00 
 8.58622360e-04  1.36839994e+00  8.58622360e-04  5.00000000e+00 
 8.60622360e-04  1.37724672e+00  8.60622360e-04  5.00000000e+00 
 8.62622360e-04  1.38607194e+00  8.62622360e-04  5.00000000e+00 
 8.64622360e-04  1.39487566e+00  8.64622360e-04  5.00000000e+00 
 8.66622360e-04  1.40365794e+00  8.66622360e-04  5.00000000e+00 
 8.68622360e-04  1.41241882e+00  8.68622360e-04  5.00000000e+00 
 8.70622360e-04  1.42115836e+00  8.70622360e-04  5.00000000e+00 
 8.72622360e-04  1.42987661e+00  8.72622360e-04  5.00000000e+00 
 8.74622360e-04  1.43857362e+00  8.74622360e-04  5.00000000e+00 
 8.76622360e-04  1.44724945e+00  8.76622360e-04  5.00000000e+00 
 8.78622360e-04  1.45590414e+00  8.78622360e-04  5.00000000e+00 
 8.80622360e-04  1.46453774e+00  8.80622360e-04  5.00000000e+00 
 8.82622360e-04  1.47315032e+00  8.82622360e-04  5.00000000e+00 
 8.84622360e-04  1.48174191e+00  8.84622360e-04  5.00000000e+00 
 8.86622360e-04  1.49031258e+00  8.86622360e-04  5.00000000e+00 
 8.88622360e-04  1.49886237e+00  8.88622360e-04  5.00000000e+00 
 8.90622360e-04  1.50739132e+00  8.90622360e-04  5.00000000e+00 
 8.92622360e-04  1.51589951e+00  8.92622360e-04  5.00000000e+00 
 8.94622360e-04  1.52438696e+00  8.94622360e-04  5.00000000e+00 
 8.96622360e-04  1.53285374e+00  8.96622360e-04  5.00000000e+00 
 8.98622360e-04  1.54129990e+00  8.98622360e-04  5.00000000e+00 
 9.00622360e-04  1.54972547e+00  9.00622360e-04  5.00000000e+00 
 9.02622360e-04  1.55813053e+00  9.02622360e-04  5.00000000e+00 
 9.04622360e-04  1.56651511e+00  9.04622360e-04  5.00000000e+00 
 9.06622360e-04  1.57487926e+00  9.06622360e-04  5.00000000e+00 
 9.08622360e-04  1.58322304e+00  9.08622360e-04  5.00000000e+00 
 9.10622360e-04  1.59154649e+00  9.10622360e-04  5.00000000e+00 
 9.12622360e-04  1.59984966e+00  9.12622360e-04  5.00000000e+00 
 9.14622360e-04  1.60813261e+00  9.14622360e-04  5.00000000e+00 
 9.16622360e-04  1.61639538e+00  9.16622360e-04  5.00000000e+00 
 9.18622360e-04  1.62463803e+00  9.18622360e-04  5.00000000e+00 
 9.20622360e-04  1.63286059e+00  9.20622360e-04  5.00000000e+00 
 9.22622360e-04  1.64106312e+00  9.22622360e-04  5.00000000e+00 
 9.24622360e-04  1.64924567e+00  9.24622360e-04  5.00000000e+00 
 9.26622360e-04  1.65740829e+00  9.26622360e-04  5.00000000e+00 
 9.28622360e-04  1.66555102e+00  9.28622360e-04  5.00000000e+00 
 9.30622360e-04  1.67367392e+00  9.30622360e-04  5.00000000e+00 
 9.32622360e-04  1.68177703e+00  9.32622360e-04  5.00000000e+00 
 9.34622360e-04  1.68986039e+00  9.34622360e-04  5.00000000e+00 
 9.36622360e-04  1.69792407e+00  9.36622360e-04  5.00000000e+00 
 9.38622360e-04  1.70596811e+00  9.38622360e-04  5.00000000e+00 
 9.40622360e-04  1.71399254e+00  9.40622360e-04  5.00000000e+00 
 9.42622360e-04  1.72199743e+00  9.42622360e-04  5.00000000e+00 
 9.44622360e-04  1.72998282e+00  9.44622360e-04  5.00000000e+00 
 9.46622360e-04  1.73794876e+00  9.46622360e-04  5.00000000e+00 
 9.48622360e-04  1.74589529e+00  9.48622360e-04  5.00000000e+00 
 9.50622360e-04  1.75382247e+00  9.50622360e-04  5.00000000e+00 
 9.52622360e-04  1.76173033e+00  9.52622360e-04  5.00000000e+00 
 9.54622360e-04  1.76961893e+00  9.54622360e-04  5.00000000e+00 
 9.56622360e-04  1.77748831e+00  9.56622360e-04  5.00000000e+00 
 9.58622360e-04  1.78533852e+00  9.58622360e-04  5.00000000e+00 
 9.60622360e-04  1.79316961e+00  9.60622360e-04  5.00000000e+00 
 9.62622360e-04  1.80098162e+00  9.62622360e-04  5.00000000e+00 
 9.64622360e-04  1.80877460e+00  9.64622360e-04  5.00000000e+00 
 9.66622360e-04  1.81654859e+00  9.66622360e-04  5.00000000e+00 
 9.68622360e-04  1.82430365e+00  9.68622360e-04  5.00000000e+00 
 9.70622360e-04  1.83203982e+00  9.70622360e-04  5.00000000e+00 
 9.72622360e-04  1.83975714e+00  9.72622360e-04  5.00000000e+00 
 9.74622360e-04  1.84745566e+00  9.74622360e-04  5.00000000e+00 
 9.76622360e-04  1.85513543e+00  9.76622360e-04  5.00000000e+00 
 9.78622360e-04  1.86279649e+00  9.78622360e-04  5.00000000e+00 
 9.80622360e-04  1.87043888e+00  9.80622360e-04  5.00000000e+00 
 9.82622360e-04  1.87806266e+00  9.82622360e-04  5.00000000e+00 
 9.84622360e-04  1.88566787e+00  9.84622360e-04  5.00000000e+00 
 9.86622360e-04  1.89325455e+00  9.86622360e-04  5.00000000e+00 
 9.88622360e-04  1.90082275e+00  9.88622360e-04  5.00000000e+00 
 9.90622360e-04  1.90837251e+00  9.90622360e-04  5.00000000e+00 
 9.92622360e-04  1.91590388e+00  9.92622360e-04  5.00000000e+00 
 9.94622360e-04  1.92341690e+00  9.94622360e-04  5.00000000e+00 
 9.96622360e-04  1.93091162e+00  9.96622360e-04  5.00000000e+00 
 9.98622360e-04  1.93838809e+00  9.98622360e-04  5.00000000e+00 
 1.00062236e-03  1.94584634e+00  1.00062236e-03  5.00000000e+00 
 1.00262236e-03  1.95328642e+00  1.00262236e-03  5.00000000e+00 
 1.00462236e-03  1.96070838e+00  1.00462236e-03  5.00000000e+00 
 1.00662236e-03  1.96811225e+00  1.00662236e-03  5.00000000e+00 
 1.00862236e-03  1.97549810e+00  1.00862236e-03  5.00000000e+00 
 1.01062236e-03  1.98286594e+00  1.01062236e-03  5.00000000e+00 
 1.01262236e-03  1.99021584e+00  1.01262236e-03  5.00000000e+00 
 1.01462236e-03  1.99754784e+00  1.01462236e-03  5.00000000e+00 
 1.01662236e-03  2.00486197e+00  1.01662236e-03  5.00000000e+00 
 1.01862236e-03  2.01215829e+00  1.01862236e-03  5.00000000e+00 
 1.02062236e-03  2.01943683e+00  1.02062236e-03  5.00000000e+00 
 1.02262236e-03  2.02669765e+00  1.02262236e-03  5.00000000e+00 
 1.02462236e-03  2.03394077e+00  1.02462236e-03  5.00000000e+00 
 1.02662236e-03  2.04116625e+00  1.02662236e-03  5.00000000e+00 
 1.02862236e-03  2.04837413e+00  1.02862236e-03  5.00000000e+00 
 1.03062236e-03  2.05556445e+00  1.03062236e-03  5.00000000e+00 
 1.03262236e-03  2.06273725e+00  1.03262236e-03  5.00000000e+00 
 1.03462236e-03  2.06989258e+00  1.03462236e-03  5.00000000e+00 
 1.03662236e-03  2.07703048e+00  1.03662236e-03  5.00000000e+00 
 1.03862236e-03  2.08415099e+00  1.03862236e-03  5.00000000e+00 
 1.04062236e-03  2.09125415e+00  1.04062236e-03  5.00000000e+00 
 1.04262236e-03  2.09834001e+00  1.04262236e-03  5.00000000e+00 
 1.04462236e-03  2.10540861e+00  1.04462236e-03  5.00000000e+00 
 1.04662236e-03  2.11245999e+00  1.04662236e-03  5.00000000e+00 
 1.04862236e-03  2.11949419e+00  1.04862236e-03  5.00000000e+00 
 1.05062236e-03  2.12651126e+00  1.05062236e-03  5.00000000e+00 
 1.05262236e-03  2.13351123e+00  1.05262236e-03  5.00000000e+00 
 1.05462236e-03  2.14049415e+00  1.05462236e-03  5.00000000e+00 
 1.05662236e-03  2.14746006e+00  1.05662236e-03  5.00000000e+00 
 1.05862236e-03  2.15440900e+00  1.05862236e-03  5.00000000e+00 
 1.06062236e-03  2.16134101e+00  1.06062236e-03  5.00000000e+00 
 1.06262236e-03  2.16825614e+00  1.06262236e-03  5.00000000e+00 
 1.06462236e-03  2.17515442e+00  1.06462236e-03  5.00000000e+00 
 1.06662236e-03  2.18203589e+00  1.06662236e-03  5.00000000e+00 
 1.06862236e-03  2.18890061e+00  1.06862236e-03  5.00000000e+00 
 1.07062236e-03  2.19574860e+00  1.07062236e-03  5.00000000e+00 
 1.07262236e-03  2.20257990e+00  1.07262236e-03  5.00000000e+00 
 1.07462236e-03  2.20939457e+00  1.07462236e-03  5.00000000e+00 
 1.07662236e-03  2.21619263e+00  1.07662236e-03  5.00000000e+00 
 1.07862236e-03  2.22297414e+00  1.07862236e-03  5.00000000e+00 
 1.08062236e-03  2.22973912e+00  1.08062236e-03  5.00000000e+00 
 1.08262236e-03  2.23648762e+00  1.08262236e-03  5.00000000e+00 
 1.08462236e-03  2.24321969e+00  1.08462236e-03  5.00000000e+00 
 1.08662236e-03  2.24993535e+00  1.08662236e-03  5.00000000e+00 
 1.08862236e-03  2.25663466e+00  1.08862236e-03  5.00000000e+00 
 1.09062236e-03  2.26331764e+00  1.09062236e-03  5.00000000e+00 
 1.09262236e-03  2.26998435e+00  1.09262236e-03  5.00000000e+00 
 1.09462236e-03  2.27663481e+00  1.09462236e-03  5.00000000e+00 
 1.09662236e-03  2.28326907e+00  1.09662236e-03  5.00000000e+00 
 1.09862236e-03  2.28988718e+00  1.09862236e-03  5.00000000e+00 
 1.10062236e-03  2.29648916e+00  1.10062236e-03  5.00000000e+00 
 1.10262236e-03  2.30307505e+00  1.10262236e-03  5.00000000e+00 
 1.10462236e-03  2.30964491e+00  1.10462236e-03  5.00000000e+00 
 1.10662236e-03  2.31619876e+00  1.10662236e-03  5.00000000e+00 
 1.10862236e-03  2.32273664e+00  1.10862236e-03  5.00000000e+00 
 1.11062236e-03  2.32925860e+00  1.11062236e-03  5.00000000e+00 
 1.11262236e-03  2.33576467e+00  1.11262236e-03  5.00000000e+00 
 1.11462236e-03  2.34225489e+00  1.11462236e-03  5.00000000e+00 
 1.11662236e-03  2.34872930e+00  1.11662236e-03  5.00000000e+00 
 1.11862236e-03  2.35518793e+00  1.11862236e-03  5.00000000e+00 
 1.12062236e-03  2.36163084e+00  1.12062236e-03  5.00000000e+00 
 1.12262236e-03  2.36805805e+00  1.12262236e-03  5.00000000e+00 
 1.12462236e-03  2.37446960e+00  1.12462236e-03  5.00000000e+00 
 1.12662236e-03  2.38086553e+00  1.12662236e-03  5.00000000e+00 
 1.12862236e-03  2.38724588e+00  1.12862236e-03  5.00000000e+00 
 1.13062236e-03  2.39361069e+00  1.13062236e-03  5.00000000e+00 
 1.13262236e-03  2.39996000e+00  1.13262236e-03  5.00000000e+00 
 1.13462236e-03  2.40629383e+00  1.13462236e-03  5.00000000e+00 
 1.13662236e-03  2.41261224e+00  1.13662236e-03  5.00000000e+00 
 1.13862236e-03  2.41891526e+00  1.13862236e-03  5.00000000e+00 
 1.14062236e-03  2.42520292e+00  1.14062236e-03  5.00000000e+00 
 1.14262236e-03  2.43147526e+00  1.14262236e-03  5.00000000e+00 
 1.14462236e-03  2.43773232e+00  1.14462236e-03  5.00000000e+00 
 1.14662236e-03  2.44397415e+00  1.14662236e-03  5.00000000e+00 
 1.14862236e-03  2.45020076e+00  1.14862236e-03  5.00000000e+00 
 1.15062236e-03  2.45641221e+00  1.15062236e-03  5.00000000e+00 
 1.15262236e-03  2.46260852e+00  1.15262236e-03  5.00000000e+00 
 1.15462236e-03  2.46878975e+00  1.15462236e-03  5.00000000e+00 
 1.15662236e-03  2.47495591e+00  1.15662236e-03  5.00000000e+00 
 1.15862236e-03  2.48110705e+00  1.15862236e-03  5.00000000e+00 
 1.16062236e-03  2.48724321e+00  1.16062236e-03  5.00000000e+00 
 1.16262236e-03  2.49336442e+00  1.16262236e-03  5.00000000e+00 
 1.16462236e-03  2.49947072e+00  1.16462236e-03  5.00000000e+00 
 1.16662236e-03  2.50556214e+00  1.16662236e-03  5.00000000e+00 
 1.16862236e-03  2.51163873e+00  1.16862236e-03  5.00000000e+00 
 1.17062236e-03  2.51770051e+00  1.17062236e-03  5.00000000e+00 
 1.17262236e-03  2.52374752e+00  1.17262236e-03  5.00000000e+00 
 1.17462236e-03  2.52977981e+00  1.17462236e-03  5.00000000e+00 
 1.17662236e-03  2.53579740e+00  1.17662236e-03  5.00000000e+00 
 1.17862236e-03  2.54180033e+00  1.17862236e-03  5.00000000e+00 
 1.18062236e-03  2.54778863e+00  1.18062236e-03  5.00000000e+00 
 1.18262236e-03  2.55376235e+00  1.18262236e-03  5.00000000e+00 
 1.18462236e-03  2.55972152e+00  1.18462236e-03  5.00000000e+00 
 1.18662236e-03  2.56566617e+00  1.18662236e-03  5.00000000e+00 
 1.18862236e-03  2.57159633e+00  1.18862236e-03  5.00000000e+00 
 1.19062236e-03  2.57751205e+00  1.19062236e-03  5.00000000e+00 
 1.19262236e-03  2.58341337e+00  1.19262236e-03  5.00000000e+00 
 1.19462236e-03  2.58930030e+00  1.19462236e-03  5.00000000e+00 
 1.19662236e-03  2.59517289e+00  1.19662236e-03  5.00000000e+00 
 1.19862236e-03  2.60103118e+00  1.19862236e-03  5.00000000e+00 
 1.20062236e-03  2.60687520e+00  1.20062236e-03  5.00000000e+00 
 1.20262236e-03  2.61270498e+00  1.20262236e-03  5.00000000e+00 
 1.20462236e-03  2.61852056e+00  1.20462236e-03  5.00000000e+00 
 1.20662236e-03  2.62432197e+00  1.20662236e-03  5.00000000e+00 
 1.20862236e-03  2.63010925e+00  1.20862236e-03  5.00000000e+00 
 1.21062236e-03  2.63588243e+00  1.21062236e-03  5.00000000e+00 
 1.21262236e-03  2.64164155e+00  1.21262236e-03  5.00000000e+00 
 1.21462236e-03  2.64738663e+00  1.21462236e-03  5.00000000e+00 
 1.21662236e-03  2.65311773e+00  1.21662236e-03  5.00000000e+00 
 1.21862236e-03  2.65883486e+00  1.21862236e-03  5.00000000e+00 
 1.22062236e-03  2.66453806e+00  1.22062236e-03  5.00000000e+00 
 1.22262236e-03  2.67022737e+00  1.22262236e-03  5.00000000e+00 
 1.22462236e-03  2.67590282e+00  1.22462236e-03  5.00000000e+00 
 1.22662236e-03  2.68156445e+00  1.22662236e-03  5.00000000e+00 
 1.22862236e-03  2.68721228e+00  1.22862236e-03  5.00000000e+00 
 1.23000100e-03  2.69109743e+00  1.23000100e-03  5.00000000e+00 
 1.23000110e-03  2.69109765e+00  1.23000110e-03  4.50000000e+00 
 1.23000130e-03  2.69109797e+00  1.23000130e-03  3.50000000e+00 
 1.23000170e-03  2.69109788e+00  1.23000170e-03  1.50000000e+00 
 1.23000200e-03  2.69109717e+00  1.23000200e-03  0.00000000e+00 
 1.23000208e-03  2.69109690e+00  1.23000208e-03  0.00000000e+00 
 1.23000224e-03  2.69109638e+00  1.23000224e-03  0.00000000e+00 
 1.23000256e-03  2.69109533e+00  1.23000256e-03  0.00000000e+00 
 1.23000320e-03  2.69109323e+00  1.23000320e-03  0.00000000e+00 
 1.23000448e-03  2.69108903e+00  1.23000448e-03  0.00000000e+00 
 1.23000704e-03  2.69108063e+00  1.23000704e-03  0.00000000e+00 
 1.23001216e-03  2.69106382e+00  1.23001216e-03  0.00000000e+00 
 1.23002240e-03  2.69103022e+00  1.23002240e-03  0.00000000e+00 
 1.23004288e-03  2.69096301e+00  1.23004288e-03  0.00000000e+00 
 1.23008384e-03  2.69082860e+00  1.23008384e-03  0.00000000e+00 
 1.23016576e-03  2.69055979e+00  1.23016576e-03  0.00000000e+00 
 1.23032960e-03  2.69002226e+00  1.23032960e-03  0.00000000e+00 
 1.23065728e-03  2.68894751e+00  1.23065728e-03  0.00000000e+00 
 1.23131264e-03  2.68679931e+00  1.23131264e-03  0.00000000e+00 
 1.23262336e-03  2.68250806e+00  1.23262336e-03  0.00000000e+00 
 1.23462336e-03  2.67597332e+00  1.23462336e-03  0.00000000e+00 
 1.23662336e-03  2.66945451e+00  1.23662336e-03  0.00000000e+00 
 1.23862336e-03  2.66295157e+00  1.23862336e-03  0.00000000e+00 
 1.24062336e-03  2.65646448e+00  1.24062336e-03  0.00000000e+00 
 1.24262336e-03  2.64999319e+00  1.24262336e-03  0.00000000e+00 
 1.24462336e-03  2.64353766e+00  1.24462336e-03  0.00000000e+00 
 1.24662336e-03  2.63709787e+00  1.24662336e-03  0.00000000e+00 
 1.24862336e-03  2.63067375e+00  1.24862336e-03  0.00000000e+00 
 1.25062336e-03  2.62426529e+00  1.25062336e-03  0.00000000e+00 
 1.25262336e-03  2.61787244e+00  1.25262336e-03  0.00000000e+00 
 1.25462336e-03  2.61149516e+00  1.25462336e-03  0.00000000e+00 
 1.25662336e-03  2.60513342e+00  1.25662336e-03  0.00000000e+00 
 1.25862336e-03  2.59878718e+00  1.25862336e-03  0.00000000e+00 
 1.26062336e-03  2.59245639e+00  1.26062336e-03  0.00000000e+00 
 1.26262336e-03  2.58614103e+00  1.26262336e-03  0.00000000e+00 
 1.26462336e-03  2.57984105e+00  1.26462336e-03  0.00000000e+00 
 1.26662336e-03  2.57355642e+00  1.26662336e-03  0.00000000e+00 
 1.26862336e-03  2.56728710e+00  1.26862336e-03  0.00000000e+00 
 1.27062336e-03  2.56103305e+00  1.27062336e-03  0.00000000e+00 
 1.27262336e-03  2.55479424e+00  1.27262336e-03  0.00000000e+00 
 1.27462336e-03  2.54857062e+00  1.27462336e-03  0.00000000e+00 
 1.27662336e-03  2.54236217e+00  1.27662336e-03  0.00000000e+00 
 1.27862336e-03  2.53616883e+00  1.27862336e-03  0.00000000e+00 
 1.28062336e-03  2.52999059e+00  1.28062336e-03  0.00000000e+00 
 1.28262336e-03  2.52382740e+00  1.28262336e-03  0.00000000e+00 
 1.28462336e-03  2.51767922e+00  1.28462336e-03  0.00000000e+00 
 1.28662336e-03  2.51154602e+00  1.28662336e-03  0.00000000e+00 
 1.28862336e-03  2.50542776e+00  1.28862336e-03  0.00000000e+00 
 1.29062336e-03  2.49932440e+00  1.29062336e-03  0.00000000e+00 
 1.29262336e-03  2.49323591e+00  1.29262336e-03  0.00000000e+00 
 1.29462336e-03  2.48716226e+00  1.29462336e-03  0.00000000e+00 
 1.29662336e-03  2.48110340e+00  1.29662336e-03  0.00000000e+00 
 1.29862336e-03  2.47505930e+00  1.29862336e-03  0.00000000e+00 
 1.30062336e-03  2.46902992e+00  1.30062336e-03  0.00000000e+00 
 1.30262336e-03  2.46301523e+00  1.30262336e-03  0.00000000e+00 
 1.30462336e-03  2.45701519e+00  1.30462336e-03  0.00000000e+00 
 1.30662336e-03  2.45102977e+00  1.30662336e-03  0.00000000e+00 
 1.30862336e-03  2.44505893e+00  1.30862336e-03  0.00000000e+00 
 1.31062336e-03  2.43910264e+00  1.31062336e-03  0.00000000e+00 
 1.31262336e-03  2.43316085e+00  1.31262336e-03  0.00000000e+00 
 1.31462336e-03  2.42723354e+00  1.31462336e-03  0.00000000e+00 
 1.31662336e-03  2.42132067e+00  1.31662336e-03  0.00000000e+00 
 1.31862336e-03  2.41542220e+00  1.31862336e-03  0.00000000e+00 
 1.32062336e-03  2.40953811e+00  1.32062336e-03  0.00000000e+00 
 1.32262336e-03  2.40366834e+00  1.32262336e-03  0.00000000e+00 
 1.32462336e-03  2.39781288e+00  1.32462336e-03  0.00000000e+00 
 1.32662336e-03  2.39197168e+00  1.32662336e-03  0.00000000e+00 
 1.32862336e-03  2.38614471e+00  1.32862336e-03  0.00000000e+00 
 1.33062336e-03  2.38033193e+00  1.33062336e-03  0.00000000e+00 
 1.33262336e-03  2.37453331e+00  1.33262336e-03  0.00000000e+00 
 1.33462336e-03  2.36874882e+00  1.33462336e-03  0.00000000e+00 
 1.33662336e-03  2.36297842e+00  1.33662336e-03  0.00000000e+00 
 1.33862336e-03  2.35722208e+00  1.33862336e-03  0.00000000e+00 
 1.34062336e-03  2.35147976e+00  1.34062336e-03  0.00000000e+00 
 1.34262336e-03  2.34575143e+00  1.34262336e-03  0.00000000e+00 
 1.34462336e-03  2.34003706e+00  1.34462336e-03  0.00000000e+00 
 1.34662336e-03  2.33433660e+00  1.34662336e-03  0.00000000e+00 
 1.34862336e-03  2.32865003e+00  1.34862336e-03  0.00000000e+00 
 1.35062336e-03  2.32297731e+00  1.35062336e-03  0.00000000e+00 
 1.35262336e-03  2.31731842e+00  1.35262336e-03  0.00000000e+00 
 1.35462336e-03  2.31167331e+00  1.35462336e-03  0.00000000e+00 
 1.35662336e-03  2.30604194e+00  1.35662336e-03  0.00000000e+00 
 1.35862336e-03  2.30042430e+00  1.35862336e-03  0.00000000e+00 
 1.36062336e-03  2.29482035e+00  1.36062336e-03  0.00000000e+00 
 1.36262336e-03  2.28923004e+00  1.36262336e-03  0.00000000e+00 
 1.36462336e-03  2.28365335e+00  1.36462336e-03  0.00000000e+00 
 1.36662336e-03  2.27809025e+00  1.36662336e-03  0.00000000e+00 
 1.36862336e-03  2.27254070e+00  1.36862336e-03  0.00000000e+00 
 1.37062336e-03  2.26700467e+00  1.37062336e-03  0.00000000e+00 
 1.37262336e-03  2.26148213e+00  1.37262336e-03  0.00000000e+00 
 1.37462336e-03  2.25597303e+00  1.37462336e-03  0.00000000e+00 
 1.37662336e-03  2.25047736e+00  1.37662336e-03  0.00000000e+00 
 1.37862336e-03  2.24499508e+00  1.37862336e-03  0.00000000e+00 
 1.38062336e-03  2.23952615e+00  1.38062336e-03  0.00000000e+00 
 1.38262336e-03  2.23407055e+00  1.38262336e-03  0.00000000e+00 
 1.38462336e-03  2.22862823e+00  1.38462336e-03  0.00000000e+00 
 1.38662336e-03  2.22319917e+00  1.38662336e-03  0.00000000e+00 
 1.38862336e-03  2.21778334e+00  1.38862336e-03  0.00000000e+00 
 1.39062336e-03  2.21238070e+00  1.39062336e-03  0.00000000e+00 
 1.39262336e-03  2.20699122e+00  1.39262336e-03  0.00000000e+00 
 1.39462336e-03  2.20161487e+00  1.39462336e-03  0.00000000e+00 
 1.39662336e-03  2.19625162e+00  1.39662336e-03  0.00000000e+00 
 1.39862336e-03  2.19090144e+00  1.39862336e-03  0.00000000e+00 
 1.40062336e-03  2.18556428e+00  1.40062336e-03  0.00000000e+00 
 1.40262336e-03  2.18024013e+00  1.40262336e-03  0.00000000e+00 
 1.40462336e-03  2.17492895e+00  1.40462336e-03  0.00000000e+00 
 1.40662336e-03  2.16963071e+00  1.40662336e-03  0.00000000e+00 
 1.40862336e-03  2.16434537e+00  1.40862336e-03  0.00000000e+00 
 1.41062336e-03  2.15907291e+00  1.41062336e-03  0.00000000e+00 
 1.41262336e-03  2.15381329e+00  1.41262336e-03  0.00000000e+00 
 1.41462336e-03  2.14856649e+00  1.41462336e-03  0.00000000e+00 
 1.41662336e-03  2.14333246e+00  1.41662336e-03  0.00000000e+00 
 1.41862336e-03  2.13811119e+00  1.41862336e-03  0.00000000e+00 
 1.42062336e-03  2.13290264e+00  1.42062336e-03  0.00000000e+00 
 1.42262336e-03  2.12770677e+00  1.42262336e-03  0.00000000e+00 
 1.42462336e-03  2.12252356e+00  1.42462336e-03  0.00000000e+00 
 1.42662336e-03  2.11735298e+00  1.42662336e-03  0.00000000e+00 
 1.42862336e-03  2.11219500e+00  1.42862336e-03  0.00000000e+00 
 1.43062336e-03  2.10704958e+00  1.43062336e-03  0.00000000e+00 
 1.43262336e-03  2.10191669e+00  1.43262336e-03  0.00000000e+00 
 1.43462336e-03  2.09679631e+00  1.43462336e-03  0.00000000e+00 
 1.43662336e-03  2.09168840e+00  1.43662336e-03  0.00000000e+00 
 1.43862336e-03  2.08659294e+00  1.43862336e-03  0.00000000e+00 
 1.44062336e-03  2.08150988e+00  1.44062336e-03  0.00000000e+00 
 1.44262336e-03  2.07643921e+00  1.44262336e-03  0.00000000e+00 
 1.44462336e-03  2.07138090e+00  1.44462336e-03  0.00000000e+00 
 1.44662336e-03  2.06633490e+00  1.44662336e-03  0.00000000e+00 
 1.44862336e-03  2.06130120e+00  1.44862336e-03  0.00000000e+00 
 1.45062336e-03  2.05627976e+00  1.45062336e-03  0.00000000e+00 
 1.45262336e-03  2.05127055e+00  1.45262336e-03  0.00000000e+00 
 1.45462336e-03  2.04627355e+00  1.45462336e-03  0.00000000e+00 
 1.45662336e-03  2.04128871e+00  1.45662336e-03  0.00000000e+00 
 1.45862336e-03  2.03631603e+00  1.45862336e-03  0.00000000e+00 
 1.46062336e-03  2.03135545e+00  1.46062336e-03  0.00000000e+00 
 1.46262336e-03  2.02640696e+00  1.46262336e-03  0.00000000e+00 
 1.46462336e-03  2.02147052e+00  1.46462336e-03  0.00000000e+00 
 1.46662336e-03  2.01654611e+00  1.46662336e-03  0.00000000e+00 
 1.46862336e-03  2.01163370e+00  1.46862336e-03  0.00000000e+00 
 1.47062336e-03  2.00673325e+00  1.47062336e-03  0.00000000e+00 
 1.47262336e-03  2.00184474e+00  1.47262336e-03  0.00000000e+00 
 1.47462336e-03  1.99696814e+00  1.47462336e-03  0.00000000e+00 
 1.47662336e-03  1.99210342e+00  1.47662336e-03  0.00000000e+00 
 1.47862336e-03  1.98725055e+00  1.47862336e-03  0.00000000e+00 
 1.48062336e-03  1.98240950e+00  1.48062336e-03  0.00000000e+00 
 1.48262336e-03  1.97758024e+00  1.48262336e-03  0.00000000e+00 
 1.48462336e-03  1.97276275e+00  1.48462336e-03  0.00000000e+00 
 1.48662336e-03  1.96795700e+00  1.48662336e-03  0.00000000e+00 
 1.48862336e-03  1.96316295e+00  1.48862336e-03  0.00000000e+00 
 1.49062336e-03  1.95838058e+00  1.49062336e-03  0.00000000e+00 
 1.49262336e-03  1.95360986e+00  1.49262336e-03  0.00000000e+00 
 1.49462336e-03  1.94885076e+00  1.49462336e-03  0.00000000e+00 
 1.49662336e-03  1.94410325e+00  1.49662336e-03  0.00000000e+00 
 1.49862336e-03  1.93936732e+00  1.49862336e-03  0.00000000e+00 
 1.50062336e-03  1.93464291e+00  1.50062336e-03  0.00000000e+00 
 1.50262336e-03  1.92993002e+00  1.50262336e-03  0.00000000e+00 
 1.50462336e-03  1.92522861e+00  1.50462336e-03  0.00000000e+00 
 1.50662336e-03  1.92053865e+00  1.50662336e-03  0.00000000e+00 
 1.50862336e-03  1.91586011e+00  1.50862336e-03  0.00000000e+00 
 1.51062336e-03  1.91119297e+00  1.51062336e-03  0.00000000e+00 
 1.51262336e-03  1.90653720e+00  1.51262336e-03  0.00000000e+00 
 1.51462336e-03  1.90189278e+00  1.51462336e-03  0.00000000e+00 
 1.51662336e-03  1.89725966e+00  1.51662336e-03  0.00000000e+00 
 1.51862336e-03  1.89263784e+00  1.51862336e-03  0.00000000e+00 
 1.52062336e-03  1.88802727e+00  1.52062336e-03  0.00000000e+00 
 1.52262336e-03  1.88342794e+00  1.52262336e-03  0.00000000e+00 
 1.52462336e-03  1.87883980e+00  1.52462336e-03  0.00000000e+00 
 1.52662336e-03  1.87426285e+00  1.52662336e-03  0.00000000e+00 
 1.52862336e-03  1.86969704e+00  1.52862336e-03  0.00000000e+00 
 1.53062336e-03  1.86514236e+00  1.53062336e-03  0.00000000e+00 
 1.53262336e-03  1.86059878e+00  1.53262336e-03  0.00000000e+00 
 1.53462336e-03  1.85606626e+00  1.53462336e-03  0.00000000e+00 
 1.53662336e-03  1.85154478e+00  1.53662336e-03  0.00000000e+00 
 1.53862336e-03  1.84703432e+00  1.53862336e-03  0.00000000e+00 
 1.54062336e-03  1.84253484e+00  1.54062336e-03  0.00000000e+00 
 1.54262336e-03  1.83804633e+00  1.54262336e-03  0.00000000e+00 
 1.54462336e-03  1.83356875e+00  1.54462336e-03  0.00000000e+00 
 1.54662336e-03  1.82910208e+00  1.54662336e-03  0.00000000e+00 
 1.54862336e-03  1.82464629e+00  1.54862336e-03  0.00000000e+00 
 1.55062336e-03  1.82020135e+00  1.55062336e-03  0.00000000e+00 
 1.55262336e-03  1.81576724e+00  1.55262336e-03  0.00000000e+00 
 1.55462336e-03  1.81134394e+00  1.55462336e-03  0.00000000e+00 
 1.55662336e-03  1.80693141e+00  1.55662336e-03  0.00000000e+00 
 1.55862336e-03  1.80252963e+00  1.55862336e-03  0.00000000e+00 
 1.56062336e-03  1.79813857e+00  1.56062336e-03  0.00000000e+00 
 1.56262336e-03  1.79375820e+00  1.56262336e-03  0.00000000e+00 
 1.56462336e-03  1.78938851e+00  1.56462336e-03  0.00000000e+00 
 1.56662336e-03  1.78502947e+00  1.56662336e-03  0.00000000e+00 
 1.56862336e-03  1.78068104e+00  1.56862336e-03  0.00000000e+00 
 1.57062336e-03  1.77634321e+00  1.57062336e-03  0.00000000e+00 
 1.57262336e-03  1.77201594e+00  1.57262336e-03  0.00000000e+00 
 1.57462336e-03  1.76769921e+00  1.57462336e-03  0.00000000e+00 
 1.57662336e-03  1.76339300e+00  1.57662336e-03  0.00000000e+00 
 1.57862336e-03  1.75909728e+00  1.57862336e-03  0.00000000e+00 
 1.58062336e-03  1.75481203e+00  1.58062336e-03  0.00000000e+00 
 1.58262336e-03  1.75053721e+00  1.58262336e-03  0.00000000e+00 
 1.58462336e-03  1.74627281e+00  1.58462336e-03  0.00000000e+00 
 1.58662336e-03  1.74201879e+00  1.58662336e-03  0.00000000e+00 
 1.58862336e-03  1.73777514e+00  1.58862336e-03  0.00000000e+00 
 1.59062336e-03  1.73354183e+00  1.59062336e-03  0.00000000e+00 
 1.59262336e-03  1.72931883e+00  1.59262336e-03  0.00000000e+00 
 1.59462336e-03  1.72510612e+00  1.59462336e-03  0.00000000e+00 
 1.59662336e-03  1.72090366e+00  1.59662336e-03  0.00000000e+00 
 1.59862336e-03  1.71671145e+00  1.59862336e-03  0.00000000e+00 
 1.60062336e-03  1.71252945e+00  1.60062336e-03  0.00000000e+00 
 1.60262336e-03  1.70835764e+00  1.60262336e-03  0.00000000e+00 
 1.60462336e-03  1.70419599e+00  1.60462336e-03  0.00000000e+00 
 1.60662336e-03  1.70004447e+00  1.60662336e-03  0.00000000e+00 
 1.60862336e-03  1.69590307e+00  1.60862336e-03  0.00000000e+00 
 1.61062336e-03  1.69177176e+00  1.61062336e-03  0.00000000e+00 
 1.61262336e-03  1.68765052e+00  1.61262336e-03  0.00000000e+00 
 1.61462336e-03  1.68353931e+00  1.61462336e-03  0.00000000e+00 
 1.61662336e-03  1.67943812e+00  1.61662336e-03  0.00000000e+00 
 1.61862336e-03  1.67534692e+00  1.61862336e-03  0.00000000e+00 
 1.62062336e-03  1.67126568e+00  1.62062336e-03  0.00000000e+00 
 1.62262336e-03  1.66719439e+00  1.62262336e-03  0.00000000e+00 
 1.62462336e-03  1.66313301e+00  1.62462336e-03  0.00000000e+00 
 1.62662336e-03  1.65908153e+00  1.62662336e-03  0.00000000e+00 
 1.62862336e-03  1.65503992e+00  1.62862336e-03  0.00000000e+00 
 1.63062336e-03  1.65100815e+00  1.63062336e-03  0.00000000e+00 
 1.63262336e-03  1.64698621e+00  1.63262336e-03  0.00000000e+00 
 1.63462336e-03  1.64297406e+00  1.63462336e-03  0.00000000e+00 
 1.63662336e-03  1.63897169e+00  1.63662336e-03  0.00000000e+00 
 1.63862336e-03  1.63497907e+00  1.63862336e-03  0.00000000e+00 
 1.64000000e-03  1.63223652e+00  1.64000000e-03  0.00000000e+00 
 1.64000010e-03  1.63223638e+00  1.64000010e-03  5.00000000e-01 
 1.64000030e-03  1.63223623e+00  1.64000030e-03  1.50000000e+00 
 1.64000070e-03  1.63223665e+00  1.64000070e-03  3.50000000e+00 
 1.64000100e-03  1.63223761e+00  1.64000100e-03  5.00000000e+00 
 1.64000108e-03  1.63223794e+00  1.64000108e-03  5.00000000e+00 
 1.64000124e-03  1.63223859e+00  1.64000124e-03  5.00000000e+00 
 1.64000156e-03  1.63223991e+00  1.64000156e-03  5.00000000e+00 
 1.64000220e-03  1.63224254e+00  1.64000220e-03  5.00000000e+00 
 1.64000348e-03  1.63224779e+00  1.64000348e-03  5.00000000e+00 
 1.64000604e-03  1.63225831e+00  1.64000604e-03  5.00000000e+00 
 1.64001116e-03  1.63227934e+00  1.64001116e-03  5.00000000e+00 
 1.64002140e-03  1.63232139e+00  1.64002140e-03  5.00000000e+00 
 1.64004188e-03  1.63240550e+00  1.64004188e-03  5.00000000e+00 
 1.64008284e-03  1.63257371e+00  1.64008284e-03  5.00000000e+00 
 1.64016476e-03  1.63291011e+00  1.64016476e-03  5.00000000e+00 
 1.64032860e-03  1.63358280e+00  1.64032860e-03  5.00000000e+00 
 1.64065628e-03  1.63492779e+00  1.64065628e-03  5.00000000e+00 
 1.64131164e-03  1.63761614e+00  1.64131164e-03  5.00000000e+00 
 1.64262236e-03  1.64298642e+00  1.64262236e-03  5.00000000e+00 
 1.64462236e-03  1.65116428e+00  1.64462236e-03  5.00000000e+00 
 1.64662236e-03  1.65932222e+00  1.64662236e-03  5.00000000e+00 
 1.64862236e-03  1.66746029e+00  1.64862236e-03  5.00000000e+00 
 1.65062236e-03  1.67557854e+00  1.65062236e-03  5.00000000e+00 
 1.65262236e-03  1.68367701e+00  1.65262236e-03  5.00000000e+00 
 1.65462236e-03  1.69175575e+00  1.65462236e-03  5.00000000e+00 
 1.65662236e-03  1.69981481e+00  1.65662236e-03  5.00000000e+00 
 1.65862236e-03  1.70785424e+00  1.65862236e-03  5.00000000e+00 
 1.66062236e-03  1.71587408e+00  1.66062236e-03  5.00000000e+00 
 1.66262236e-03  1.72387439e+00  1.66262236e-03  5.00000000e+00 
 1.66462236e-03  1.73185521e+00  1.66462236e-03  5.00000000e+00 
 1.66662236e-03  1.73981658e+00  1.66662236e-03  5.00000000e+00 
 1.66862236e-03  1.74775856e+00  1.66862236e-03  5.00000000e+00 
 1.67062236e-03  1.75568120e+00  1.67062236e-03  5.00000000e+00 
 1.67262236e-03  1.76358453e+00  1.67262236e-03  5.00000000e+00 
 1.67462236e-03  1.77146861e+00  1.67462236e-03  5.00000000e+00 
 1.67662236e-03  1.77933349e+00  1.67662236e-03  5.00000000e+00 
 1.67862236e-03  1.78717921e+00  1.67862236e-03  5.00000000e+00 
 1.68062236e-03  1.79500581e+00  1.68062236e-03  5.00000000e+00 
 1.68262236e-03  1.80281335e+00  1.68262236e-03  5.00000000e+00 
 1.68462236e-03  1.81060186e+00  1.68462236e-03  5.00000000e+00 
 1.68662236e-03  1.81837141e+00  1.68662236e-03  5.00000000e+00 
 1.68862236e-03  1.82612203e+00  1.68862236e-03  5.00000000e+00 
 1.69062236e-03  1.83385376e+00  1.69062236e-03  5.00000000e+00 
 1.69262236e-03  1.84156667e+00  1.69262236e-03  5.00000000e+00 
 1.69462236e-03  1.84926078e+00  1.69462236e-03  5.00000000e+00 
 1.69662236e-03  1.85693615e+00  1.69662236e-03  5.00000000e+00 
 1.69862236e-03  1.86459282e+00  1.69862236e-03  5.00000000e+00 
 1.70062236e-03  1.87223084e+00  1.70062236e-03  5.00000000e+00 
 1.70262236e-03  1.87985025e+00  1.70262236e-03  5.00000000e+00 
 1.70462236e-03  1.88745111e+00  1.70462236e-03  5.00000000e+00 
 1.70662236e-03  1.89503344e+00  1.70662236e-03  5.00000000e+00 
 1.70862236e-03  1.90259731e+00  1.70862236e-03  5.00000000e+00 
 1.71062236e-03  1.91014275e+00  1.71062236e-03  5.00000000e+00 
 1.71262236e-03  1.91766980e+00  1.71262236e-03  5.00000000e+00 
 1.71462236e-03  1.92517852e+00  1.71462236e-03  5.00000000e+00 
 1.71662236e-03  1.93266895e+00  1.71662236e-03  5.00000000e+00 
 1.71862236e-03  1.94014114e+00  1.71862236e-03  5.00000000e+00 
 1.72062236e-03  1.94759512e+00  1.72062236e-03  5.00000000e+00 
 1.72262236e-03  1.95503094e+00  1.72262236e-03  5.00000000e+00 
 1.72462236e-03  1.96244865e+00  1.72462236e-03  5.00000000e+00 
 1.72662236e-03  1.96984829e+00  1.72662236e-03  5.00000000e+00 
 1.72862236e-03  1.97722990e+00  1.72862236e-03  5.00000000e+00 
 1.73062236e-03  1.98459353e+00  1.73062236e-03  5.00000000e+00 
 1.73262236e-03  1.99193922e+00  1.73262236e-03  5.00000000e+00 
 1.73462236e-03  1.99926702e+00  1.73462236e-03  5.00000000e+00 
 1.73662236e-03  2.00657696e+00  1.73662236e-03  5.00000000e+00 
 1.73862236e-03  2.01386910e+00  1.73862236e-03  5.00000000e+00 
 1.74062236e-03  2.02114348e+00  1.74062236e-03  5.00000000e+00 
 1.74262236e-03  2.02840013e+00  1.74262236e-03  5.00000000e+00 
 1.74462236e-03  2.03563911e+00  1.74462236e-03  5.00000000e+00 
 1.74662236e-03  2.04286045e+00  1.74662236e-03  5.00000000e+00 
 1.74862236e-03  2.05006420e+00  1.74862236e-03  5.00000000e+00 
 1.75062236e-03  2.05725040e+00  1.75062236e-03  5.00000000e+00 
 1.75262236e-03  2.06441910e+00  1.75262236e-03  5.00000000e+00 
 1.75462236e-03  2.07157033e+00  1.75462236e-03  5.00000000e+00 
 1.75662236e-03  2.07870414e+00  1.75662236e-03  5.00000000e+00 
 1.75862236e-03  2.08582057e+00  1.75862236e-03  5.00000000e+00 
 1.76062236e-03  2.09291967e+00  1.76062236e-03  5.00000000e+00 
 1.76262236e-03  2.10000147e+00  1.76262236e-03  5.00000000e+00 
 1.76462236e-03  2.10706603e+00  1.76462236e-03  5.00000000e+00 
 1.76662236e-03  2.11411337e+00  1.76662236e-03  5.00000000e+00 
 1.76862236e-03  2.12114354e+00  1.76862236e-03  5.00000000e+00 
 1.77062236e-03  2.12815659e+00  1.77062236e-03  5.00000000e+00 
 1.77262236e-03  2.13515256e+00  1.77262236e-03  5.00000000e+00 
 1.77462236e-03  2.14213148e+00  1.77462236e-03  5.00000000e+00 
 1.77662236e-03  2.14909340e+00  1.77662236e-03  5.00000000e+00 
 1.77862236e-03  2.15603836e+00  1.77862236e-03  5.00000000e+00 
 1.78062236e-03  2.16296640e+00  1.78062236e-03  5.00000000e+00 
 1.78262236e-03  2.16987757e+00  1.78262236e-03  5.00000000e+00 
 1.78462236e-03  2.17677190e+00  1.78462236e-03  5.00000000e+00 
 1.78662236e-03  2.18364943e+00  1.78662236e-03  5.00000000e+00 
 1.78862236e-03  2.19051022e+00  1.78862236e-03  5.00000000e+00 
 1.79062236e-03  2.19735428e+00  1.79062236e-03  5.00000000e+00 
 1.79262236e-03  2.20418168e+00  1.79262236e-03  5.00000000e+00 
 1.79462236e-03  2.21099244e+00  1.79462236e-03  5.00000000e+00 
 1.79662236e-03  2.21778661e+00  1.79662236e-03  5.00000000e+00 
 1.79862236e-03  2.22456423e+00  1.79862236e-03  5.00000000e+00 
 1.80062236e-03  2.23132534e+00  1.80062236e-03  5.00000000e+00 
 1.80262236e-03  2.23806998e+00  1.80262236e-03  5.00000000e+00 
 1.80462236e-03  2.24479819e+00  1.80462236e-03  5.00000000e+00 
 1.80662236e-03  2.25151001e+00  1.80662236e-03  5.00000000e+00 
 1.80862236e-03  2.25820548e+00  1.80862236e-03  5.00000000e+00 
 1.81062236e-03  2.26488464e+00  1.81062236e-03  5.00000000e+00 
 1.81262236e-03  2.27154753e+00  1.81262236e-03  5.00000000e+00 
 1.81462236e-03  2.27819418e+00  1.81462236e-03  5.00000000e+00 
 1.81662236e-03  2.28482465e+00  1.81662236e-03  5.00000000e+00 
 1.81862236e-03  2.29143896e+00  1.81862236e-03  5.00000000e+00 
 1.82062236e-03  2.29803716e+00  1.82062236e-03  5.00000000e+00 
 1.82262236e-03  2.30461929e+00  1.82262236e-03  5.00000000e+00 
 1.82462236e-03  2.31118538e+00  1.82462236e-03  5.00000000e+00 
 1.82662236e-03  2.31773548e+00  1.82662236e-03  5.00000000e+00 
 1.82862236e-03  2.32426962e+00  1.82862236e-03  5.00000000e+00 
 1.83062236e-03  2.33078784e+00  1.83062236e-03  5.00000000e+00 
 1.83262236e-03  2.33729018e+00  1.83262236e-03  5.00000000e+00 
 1.83462236e-03  2.34377669e+00  1.83462236e-03  5.00000000e+00 
 1.83662236e-03  2.35024739e+00  1.83662236e-03  5.00000000e+00 
 1.83862236e-03  2.35670233e+00  1.83862236e-03  5.00000000e+00 
 1.84062236e-03  2.36314154e+00  1.84062236e-03  5.00000000e+00 
 1.84262236e-03  2.36956507e+00  1.84262236e-03  5.00000000e+00 
 1.84462236e-03  2.37597295e+00  1.84462236e-03  5.00000000e+00 
 1.84662236e-03  2.38236522e+00  1.84662236e-03  5.00000000e+00 
 1.84862236e-03  2.38874192e+00  1.84862236e-03  5.00000000e+00 
 1.85062236e-03  2.39510309e+00  1.85062236e-03  5.00000000e+00 
 1.85262236e-03  2.40144875e+00  1.85262236e-03  5.00000000e+00 
 1.85462236e-03  2.40777896e+00  1.85462236e-03  5.00000000e+00 
 1.85662236e-03  2.41409375e+00  1.85662236e-03  5.00000000e+00 
 1.85862236e-03  2.42039316e+00  1.85862236e-03  5.00000000e+00 
 1.86062236e-03  2.42667722e+00  1.86062236e-03  5.00000000e+00 
 1.86262236e-03  2.43294597e+00  1.86262236e-03  5.00000000e+00 
 1.86462236e-03  2.43919945e+00  1.86462236e-03  5.00000000e+00 
 1.86662236e-03  2.44543770e+00  1.86662236e-03  5.00000000e+00 
 1.86862236e-03  2.45166075e+00  1.86862236e-03  5.00000000e+00 
 1.87062236e-03  2.45786864e+00  1.87062236e-03  5.00000000e+00 
 1.87262236e-03  2.46406141e+00  1.87262236e-03  5.00000000e+00 
 1.87462236e-03  2.47023909e+00  1.87462236e-03  5.00000000e+00 
 1.87662236e-03  2.47640173e+00  1.87662236e-03  5.00000000e+00 
 1.87862236e-03  2.48254935e+00  1.87862236e-03  5.00000000e+00 
 1.88062236e-03  2.48868199e+00  1.88062236e-03  5.00000000e+00 
 1.88262236e-03  2.49479970e+00  1.88262236e-03  5.00000000e+00 
 1.88462236e-03  2.50090250e+00  1.88462236e-03  5.00000000e+00 
 1.88662236e-03  2.50699044e+00  1.88662236e-03  5.00000000e+00 
 1.88862236e-03  2.51306354e+00  1.88862236e-03  5.00000000e+00 
 1.89062236e-03  2.51912185e+00  1.89062236e-03  5.00000000e+00 
 1.89262236e-03  2.52516540e+00  1.89262236e-03  5.00000000e+00 
 1.89462236e-03  2.53119423e+00  1.89462236e-03  5.00000000e+00 
 1.89662236e-03  2.53720838e+00  1.89662236e-03  5.00000000e+00 
 1.89862236e-03  2.54320787e+00  1.89862236e-03  5.00000000e+00 
 1.90062236e-03  2.54919275e+00  1.90062236e-03  5.00000000e+00 
 1.90262236e-03  2.55516304e+00  1.90262236e-03  5.00000000e+00 
 1.90462236e-03  2.56111880e+00  1.90462236e-03  5.00000000e+00 
 1.90662236e-03  2.56706004e+00  1.90662236e-03  5.00000000e+00 
 1.90862236e-03  2.57298681e+00  1.90862236e-03  5.00000000e+00 
 1.91062236e-03  2.57889915e+00  1.91062236e-03  5.00000000e+00 
 1.91262236e-03  2.58479708e+00  1.91262236e-03  5.00000000e+00 
 1.91462236e-03  2.59068064e+00  1.91462236e-03  5.00000000e+00 
 1.91662236e-03  2.59654987e+00  1.91662236e-03  5.00000000e+00 
 1.91862236e-03  2.60240481e+00  1.91862236e-03  5.00000000e+00 
 1.92062236e-03  2.60824548e+00  1.92062236e-03  5.00000000e+00 
 1.92262236e-03  2.61407192e+00  1.92262236e-03  5.00000000e+00 
 1.92462236e-03  2.61988417e+00  1.92462236e-03  5.00000000e+00 
 1.92662236e-03  2.62568226e+00  1.92662236e-03  5.00000000e+00 
 1.92862236e-03  2.63146622e+00  1.92862236e-03  5.00000000e+00 
 1.93062236e-03  2.63723610e+00  1.93062236e-03  5.00000000e+00 
 1.93262236e-03  2.64299192e+00  1.93262236e-03  5.00000000e+00 
 1.93462236e-03  2.64873372e+00  1.93462236e-03  5.00000000e+00 
 1.93662236e-03  2.65446153e+00  1.93662236e-03  5.00000000e+00 
 1.93862236e-03  2.66017539e+00  1.93862236e-03  5.00000000e+00 
 1.94062236e-03  2.66587532e+00  1.94062236e-03  5.00000000e+00 
 1.94262236e-03  2.67156138e+00  1.94262236e-03  5.00000000e+00 
 1.94462236e-03  2.67723358e+00  1.94462236e-03  5.00000000e+00 
 1.94662236e-03  2.68289196e+00  1.94662236e-03  5.00000000e+00 
 1.94862236e-03  2.68853656e+00  1.94862236e-03  5.00000000e+00 
 1.95062236e-03  2.69416741e+00  1.95062236e-03  5.00000000e+00 
 1.95262236e-03  2.69978454e+00  1.95262236e-03  5.00000000e+00 
 1.95462236e-03  2.70538799e+00  1.95462236e-03  5.00000000e+00 
 1.95662236e-03  2.71097779e+00  1.95662236e-03  5.00000000e+00 
 1.95862236e-03  2.71655397e+00  1.95862236e-03  5.00000000e+00 
 1.96062236e-03  2.72211656e+00  1.96062236e-03  5.00000000e+00 
 1.96262236e-03  2.72766561e+00  1.96262236e-03  5.00000000e+00 
 1.96462236e-03  2.73320114e+00  1.96462236e-03  5.00000000e+00 
 1.96662236e-03  2.73872318e+00  1.96662236e-03  5.00000000e+00 
 1.96862236e-03  2.74423177e+00  1.96862236e-03  5.00000000e+00 
 1.97062236e-03  2.74972695e+00  1.97062236e-03  5.00000000e+00 
 1.97262236e-03  2.75520873e+00  1.97262236e-03  5.00000000e+00 
 1.97462236e-03  2.76067716e+00  1.97462236e-03  5.00000000e+00 
 1.97662236e-03  2.76613227e+00  1.97662236e-03  5.00000000e+00 
 1.97862236e-03  2.77157410e+00  1.97862236e-03  5.00000000e+00 
 1.98062236e-03  2.77700266e+00  1.98062236e-03  5.00000000e+00 
 1.98262236e-03  2.78241800e+00  1.98262236e-03  5.00000000e+00 
 1.98462236e-03  2.78782015e+00  1.98462236e-03  5.00000000e+00 
 1.98662236e-03  2.79320914e+00  1.98662236e-03  5.00000000e+00 
 1.98862236e-03  2.79858500e+00  1.98862236e-03  5.00000000e+00 
 1.99062236e-03  2.80394776e+00  1.99062236e-03  5.00000000e+00 
 1.99262236e-03  2.80929747e+00  1.99262236e-03  5.00000000e+00 
 1.99462236e-03  2.81463413e+00  1.99462236e-03  5.00000000e+00 
 1.99662236e-03  2.81995780e+00  1.99662236e-03  5.00000000e+00 
 1.99862236e-03  2.82526850e+00  1.99862236e-03  5.00000000e+00 
 2.00062236e-03  2.83056626e+00  2.00062236e-03  5.00000000e+00 
 2.00262236e-03  2.83585112e+00  2.00262236e-03  5.00000000e+00 
 2.00462236e-03  2.84112310e+00  2.00462236e-03  5.00000000e+00 
 2.00662236e-03  2.84638224e+00  2.00662236e-03  5.00000000e+00 
 2.00862236e-03  2.85162857e+00  2.00862236e-03  5.00000000e+00 
 2.01062236e-03  2.85686212e+00  2.01062236e-03  5.00000000e+00 
 2.01262236e-03  2.86208292e+00  2.01262236e-03  5.00000000e+00 
 2.01462236e-03  2.86729100e+00  2.01462236e-03  5.00000000e+00 
 2.01662236e-03  2.87248639e+00  2.01662236e-03  5.00000000e+00 
 2.01862236e-03  2.87766913e+00  2.01862236e-03  5.00000000e+00 
 2.02062236e-03  2.88283924e+00  2.02062236e-03  5.00000000e+00 
 2.02262236e-03  2.88799676e+00  2.02262236e-03  5.00000000e+00 
 2.02462236e-03  2.89314171e+00  2.02462236e-03  5.00000000e+00 
 2.02662236e-03  2.89827413e+00  2.02662236e-03  5.00000000e+00 
 2.02862236e-03  2.90339405e+00  2.02862236e-03  5.00000000e+00 
 2.03062236e-03  2.90850149e+00  2.03062236e-03  5.00000000e+00 
 2.03262236e-03  2.91359650e+00  2.03262236e-03  5.00000000e+00 
 2.03462236e-03  2.91867909e+00  2.03462236e-03  5.00000000e+00 
 2.03662236e-03  2.92374930e+00  2.03662236e-03  5.00000000e+00 
 2.03862236e-03  2.92880715e+00  2.03862236e-03  5.00000000e+00 
 2.04062236e-03  2.93385269e+00  2.04062236e-03  5.00000000e+00 
 2.04262236e-03  2.93888594e+00  2.04262236e-03  5.00000000e+00 
 2.04462236e-03  2.94390692e+00  2.04462236e-03  5.00000000e+00 
 2.04662236e-03  2.94891567e+00  2.04662236e-03  5.00000000e+00 
 2.04862236e-03  2.95391222e+00  2.04862236e-03  5.00000000e+00 
 2.05000100e-03  2.95734936e+00  2.05000100e-03  5.00000000e+00 
 2.05000110e-03  2.95734955e+00  2.05000110e-03  4.50000000e+00 
 2.05000130e-03  2.95734980e+00  2.05000130e-03  3.50000000e+00 
 2.05000170e-03  2.95734958e+00  2.05000170e-03  1.50000000e+00 
 2.05000200e-03  2.95734877e+00  2.05000200e-03  0.00000000e+00 
 2.05000208e-03  2.95734848e+00  2.05000208e-03  0.00000000e+00 
 2.05000224e-03  2.95734790e+00  2.05000224e-03  0.00000000e+00 
 2.05000256e-03  2.95734675e+00  2.05000256e-03  0.00000000e+00 
 2.05000320e-03  2.95734444e+00  2.05000320e-03  0.00000000e+00 
 2.05000448e-03  2.95733983e+00  2.05000448e-03  0.00000000e+00 
 2.05000704e-03  2.95733059e+00  2.05000704e-03  0.00000000e+00 
 2.05001216e-03  2.95731213e+00  2.05001216e-03  0.00000000e+00 
 2.05002240e-03  2.95727520e+00  2.05002240e-03  0.00000000e+00 
 2.05004288e-03  2.95720134e+00  2.05004288e-03  0.00000000e+00 
 2.05008384e-03  2.95705363e+00  2.05008384e-03  0.00000000e+00 
 2.05016576e-03  2.95675822e+00  2.05016576e-03  0.00000000e+00 
 2.05032960e-03  2.95616751e+00  2.05032960e-03  0.00000000e+00 
 2.05065728e-03  2.95498643e+00  2.05065728e-03  0.00000000e+00 
 2.05131264e-03  2.95262569e+00  2.05131264e-03  0.00000000e+00 
 2.05262336e-03  2.94790987e+00  2.05262336e-03  0.00000000e+00 
 2.05462336e-03  2.94072860e+00  2.05462336e-03  0.00000000e+00 
 2.05662336e-03  2.93356483e+00  2.05662336e-03  0.00000000e+00 
 2.05862336e-03  2.92641851e+00  2.05862336e-03  0.00000000e+00 
 2.06062336e-03  2.91928960e+00  2.06062336e-03  0.00000000e+00 
 2.06262336e-03  2.91217805e+00  2.06262336e-03  0.00000000e+00 
 2.06462336e-03  2.90508383e+00  2.06462336e-03  0.00000000e+00 
 2.06662336e-03  2.89800689e+00  2.06662336e-03  0.00000000e+00 
 2.06862336e-03  2.89094719e+00  2.06862336e-03  0.00000000e+00 
 2.07062336e-03  2.88390469e+00  2.07062336e-03  0.00000000e+00 
 2.07262336e-03  2.87687934e+00  2.07262336e-03  0.00000000e+00 
 2.07462336e-03  2.86987111e+00  2.07462336e-03  0.00000000e+00 
 2.07662336e-03  2.86287995e+00  2.07662336e-03  0.00000000e+00 
 2.07862336e-03  2.85590582e+00  2.07862336e-03  0.00000000e+00 
 2.08062336e-03  2.84894868e+00  2.08062336e-03  0.00000000e+00 
 2.08262336e-03  2.84200849e+00  2.08262336e-03  0.00000000e+00 
 2.08462336e-03  2.83508520e+00  2.08462336e-03  0.00000000e+00 
 2.08662336e-03  2.82817878e+00  2.08662336e-03  0.00000000e+00 
 2.08862336e-03  2.82128919e+00  2.08862336e-03  0.00000000e+00 
 2.09062336e-03  2.81441638e+00  2.09062336e-03  0.00000000e+00 
 2.09262336e-03  2.80756031e+00  2.09262336e-03  0.00000000e+00 
 2.09462336e-03  2.80072094e+00  2.09462336e-03  0.00000000e+00 
 2.09662336e-03  2.79389823e+00  2.09662336e-03  0.00000000e+00 
 2.09862336e-03  2.78709215e+00  2.09862336e-03  0.00000000e+00 
 2.10062336e-03  2.78030264e+00  2.10062336e-03  0.00000000e+00 
 2.10262336e-03  2.77352968e+00  2.10262336e-03  0.00000000e+00 
 2.10462336e-03  2.76677321e+00  2.10462336e-03  0.00000000e+00 
 2.10662336e-03  2.76003320e+00  2.10662336e-03  0.00000000e+00 
 2.10862336e-03  2.75330961e+00  2.10862336e-03  0.00000000e+00 
 2.11062336e-03  2.74660240e+00  2.11062336e-03  0.00000000e+00 
 2.11262336e-03  2.73991153e+00  2.11262336e-03  0.00000000e+00 
 2.11462336e-03  2.73323696e+00  2.11462336e-03  0.00000000e+00 
 2.11662336e-03  2.72657865e+00  2.11662336e-03  0.00000000e+00 
 2.11862336e-03  2.71993656e+00  2.11862336e-03  0.00000000e+00 
 2.12062336e-03  2.71331065e+00  2.12062336e-03  0.00000000e+00 
 2.12262336e-03  2.70670088e+00  2.12262336e-03  0.00000000e+00 
 2.12462336e-03  2.70010721e+00  2.12462336e-03  0.00000000e+00 
 2.12662336e-03  2.69352960e+00  2.12662336e-03  0.00000000e+00 
 2.12862336e-03  2.68696802e+00  2.12862336e-03  0.00000000e+00 
 2.13062336e-03  2.68042242e+00  2.13062336e-03  0.00000000e+00 
 2.13262336e-03  2.67389277e+00  2.13262336e-03  0.00000000e+00 
 2.13462336e-03  2.66737902e+00  2.13462336e-03  0.00000000e+00 
 2.13662336e-03  2.66088114e+00  2.13662336e-03  0.00000000e+00 
 2.13862336e-03  2.65439909e+00  2.13862336e-03  0.00000000e+00 
 2.14062336e-03  2.64793284e+00  2.14062336e-03  0.00000000e+00 
 2.14262336e-03  2.64148233e+00  2.14262336e-03  0.00000000e+00 
 2.14462336e-03  2.63504754e+00  2.14462336e-03  0.00000000e+00 
 2.14662336e-03  2.62862842e+00  2.14662336e-03  0.00000000e+00 
 2.14862336e-03  2.62222494e+00  2.14862336e-03  0.00000000e+00 
 2.15062336e-03  2.61583706e+00  2.15062336e-03  0.00000000e+00 
 2.15262336e-03  2.60946474e+00  2.15262336e-03  0.00000000e+00 
 2.15462336e-03  2.60310794e+00  2.15462336e-03  0.00000000e+00 
 2.15662336e-03  2.59676663e+00  2.15662336e-03  0.00000000e+00 
 2.15862336e-03  2.59044077e+00  2.15862336e-03  0.00000000e+00 
 2.16062336e-03  2.58413032e+00  2.16062336e-03  0.00000000e+00 
 2.16262336e-03  2.57783524e+00  2.16262336e-03  0.00000000e+00 
 2.16462336e-03  2.57155549e+00  2.16462336e-03  0.00000000e+00 
 2.16662336e-03  2.56529105e+00  2.16662336e-03  0.00000000e+00 
 2.16862336e-03  2.55904186e+00  2.16862336e-03  0.00000000e+00 
 2.17062336e-03  2.55280790e+00  2.17062336e-03  0.00000000e+00 
 2.17262336e-03  2.54658912e+00  2.17262336e-03  0.00000000e+00 
 2.17462336e-03  2.54038549e+00  2.17462336e-03  0.00000000e+00 
 2.17662336e-03  2.53419698e+00  2.17662336e-03  0.00000000e+00 
 2.17862336e-03  2.52802354e+00  2.17862336e-03  0.00000000e+00 
 2.18062336e-03  2.52186514e+00  2.18062336e-03  0.00000000e+00 
 2.18262336e-03  2.51572174e+00  2.18262336e-03  0.00000000e+00 
 2.18462336e-03  2.50959331e+00  2.18462336e-03  0.00000000e+00 
 2.18662336e-03  2.50347980e+00  2.18662336e-03  0.00000000e+00 
 2.18862336e-03  2.49738119e+00  2.18862336e-03  0.00000000e+00 
 2.19062336e-03  2.49129744e+00  2.19062336e-03  0.00000000e+00 
 2.19262336e-03  2.48522850e+00  2.19262336e-03  0.00000000e+00 
 2.19462336e-03  2.47917435e+00  2.19462336e-03  0.00000000e+00 
 2.19662336e-03  2.47313495e+00  2.19662336e-03  0.00000000e+00 
 2.19862336e-03  2.46711026e+00  2.19862336e-03  0.00000000e+00 
 2.20062336e-03  2.46110025e+00  2.20062336e-03  0.00000000e+00 
 2.20262336e-03  2.45510488e+00  2.20262336e-03  0.00000000e+00 
 2.20462336e-03  2.44912411e+00  2.20462336e-03  0.00000000e+00 
 2.20662336e-03  2.44315791e+00  2.20662336e-03  0.00000000e+00 
 2.20862336e-03  2.43720625e+00  2.20862336e-03  0.00000000e+00 
 2.21062336e-03  2.43126908e+00  2.21062336e-03  0.00000000e+00 
 2.21262336e-03  2.42534638e+00  2.21262336e-03  0.00000000e+00 
 2.21462336e-03  2.41943811e+00  2.21462336e-03  0.00000000e+00 
 2.21662336e-03  2.41354423e+00  2.21662336e-03  0.00000000e+00 
 2.21862336e-03  2.40766470e+00  2.21862336e-03  0.00000000e+00 
 2.22062336e-03  2.40179950e+00  2.22062336e-03  0.00000000e+00 
 2.22262336e-03  2.39594859e+00  2.22262336e-03  0.00000000e+00 
 2.22462336e-03  2.39011193e+00  2.22462336e-03  0.00000000e+00 
 2.22662336e-03  2.38428949e+00  2.22662336e-03  0.00000000e+00 
 2.22862336e-03  2.37848123e+00  2.22862336e-03  0.00000000e+00 
 2.23062336e-03  2.37268713e+00  2.23062336e-03  0.00000000e+00 
 2.23262336e-03  2.36690713e+00  2.23262336e-03  0.00000000e+00 
 2.23462336e-03  2.36114122e+00  2.23462336e-03  0.00000000e+00 
 2.23662336e-03  2.35538935e+00  2.23662336e-03  0.00000000e+00 
 2.23862336e-03  2.34965150e+00  2.23862336e-03  0.00000000e+00 
 2.24062336e-03  2.34392762e+00  2.24062336e-03  0.00000000e+00 
 2.24262336e-03  2.33821769e+00  2.24262336e-03  0.00000000e+00 
 2.24462336e-03  2.33252167e+00  2.24462336e-03  0.00000000e+00 
 2.24662336e-03  2.32683952e+00  2.24662336e-03  0.00000000e+00 
 2.24862336e-03  2.32117121e+00  2.24862336e-03  0.00000000e+00 
 2.25062336e-03  2.31551672e+00  2.25062336e-03  0.00000000e+00 
 2.25262336e-03  2.30987599e+00  2.25262336e-03  0.00000000e+00 
 2.25462336e-03  2.30424901e+00  2.25462336e-03  0.00000000e+00 
 2.25662336e-03  2.29863574e+00  2.25662336e-03  0.00000000e+00 
 2.25862336e-03  2.29303614e+00  2.25862336e-03  0.00000000e+00 
 2.26062336e-03  2.28745018e+00  2.26062336e-03  0.00000000e+00 
 2.26262336e-03  2.28187783e+00  2.26262336e-03  0.00000000e+00 
 2.26462336e-03  2.27631905e+00  2.26462336e-03  0.00000000e+00 
 2.26662336e-03  2.27077381e+00  2.26662336e-03  0.00000000e+00 
 2.26862336e-03  2.26524209e+00  2.26862336e-03  0.00000000e+00 
 2.27062336e-03  2.25972384e+00  2.27062336e-03  0.00000000e+00 
 2.27262336e-03  2.25421903e+00  2.27262336e-03  0.00000000e+00 
 2.27462336e-03  2.24872763e+00  2.27462336e-03  0.00000000e+00 
 2.27662336e-03  2.24324961e+00  2.27662336e-03  0.00000000e+00 
 2.27862336e-03  2.23778493e+00  2.27862336e-03  0.00000000e+00 
 2.28062336e-03  2.23233357e+00  2.28062336e-03  0.00000000e+00 
 2.28262336e-03  2.22689548e+00  2.28262336e-03  0.00000000e+00 
 2.28462336e-03  2.22147065e+00  2.28462336e-03  0.00000000e+00 
 2.28662336e-03  2.21605903e+00  2.28662336e-03  0.00000000e+00 
 2.28862336e-03  2.21066059e+00  2.28862336e-03  0.00000000e+00 
 2.29062336e-03  2.20527530e+00  2.29062336e-03  0.00000000e+00 
 2.29262336e-03  2.19990313e+00  2.29262336e-03  0.00000000e+00 
 2.29462336e-03  2.19454405e+00  2.29462336e-03  0.00000000e+00 
 2.29662336e-03  2.18919802e+00  2.29662336e-03  0.00000000e+00 
 2.29862336e-03  2.18386502e+00  2.29862336e-03  0.00000000e+00 
 2.30062336e-03  2.17854501e+00  2.30062336e-03  0.00000000e+00 
 2.30262336e-03  2.17323795e+00  2.30262336e-03  0.00000000e+00 
 2.30462336e-03  2.16794383e+00  2.30462336e-03  0.00000000e+00 
 2.30662336e-03  2.16266260e+00  2.30662336e-03  0.00000000e+00 
 2.30862336e-03  2.15739424e+00  2.30862336e-03  0.00000000e+00 
 2.31062336e-03  2.15213871e+00  2.31062336e-03  0.00000000e+00 
 2.31262336e-03  2.14689599e+00  2.31262336e-03  0.00000000e+00 
 2.31462336e-03  2.14166603e+00  2.31462336e-03  0.00000000e+00 
 2.31662336e-03  2.13644882e+00  2.31662336e-03  0.00000000e+00 
 2.31862336e-03  2.13124432e+00  2.31862336e-03  0.00000000e+00 
 2.32062336e-03  2.12605249e+00  2.32062336e-03  0.00000000e+00 
 2.32262336e-03  2.12087331e+00  2.32262336e-03  0.00000000e+00 
 2.32462336e-03  2.11570675e+00  2.32462336e-03  0.00000000e+00 
 2.32662336e-03  2.11055278e+00  2.32662336e-03  0.00000000e+00 
 2.32862336e-03  2.10541136e+00  2.32862336e-03  0.00000000e+00 
 2.33062336e-03  2.10028246e+00  2.33062336e-03  0.00000000e+00 
 2.33262336e-03  2.09516606e+00  2.33262336e-03  0.00000000e+00 
 2.33462336e-03  2.09006213e+00  2.33462336e-03  0.00000000e+00 
 2.33662336e-03  2.08497062e+00  2.33662336e-03  0.00000000e+00 
 2.33862336e-03  2.07989152e+00  2.33862336e-03  0.00000000e+00 
 2.34062336e-03  2.07482479e+00  2.34062336e-03  0.00000000e+00 
 2.34262336e-03  2.06977041e+00  2.34262336e-03  0.00000000e+00 
 2.34462336e-03  2.06472834e+00  2.34462336e-03  0.00000000e+00 
 2.34662336e-03  2.05969855e+00  2.34662336e-03  0.00000000e+00 
 2.34862336e-03  2.05468101e+00  2.34862336e-03  0.00000000e+00 
 2.35062336e-03  2.04967570e+00  2.35062336e-03  0.00000000e+00 
 2.35262336e-03  2.04468258e+00  2.35262336e-03  0.00000000e+00 
 2.35462336e-03  2.03970162e+00  2.35462336e-03  0.00000000e+00 
 2.35662336e-03  2.03473280e+00  2.35662336e-03  0.00000000e+00 
 2.35862336e-03  2.02977608e+00  2.35862336e-03  0.00000000e+00 
 2.36062336e-03  2.02483144e+00  2.36062336e-03  0.00000000e+00 
 2.36262336e-03  2.01989884e+00  2.36262336e-03  0.00000000e+00 
 2.36462336e-03  2.01497826e+00  2.36462336e-03  0.00000000e+00 
 2.36662336e-03  2.01006967e+00  2.36662336e-03  0.00000000e+00 
 2.36862336e-03  2.00517303e+00  2.36862336e-03  0.00000000e+00 
 2.37062336e-03  2.00028832e+00  2.37062336e-03  0.00000000e+00 
 2.37262336e-03  1.99541551e+00  2.37262336e-03  0.00000000e+00 
 2.37462336e-03  1.99055457e+00  2.37462336e-03  0.00000000e+00 
 2.37662336e-03  1.98570547e+00  2.37662336e-03  0.00000000e+00 
 2.37862336e-03  1.98086819e+00  2.37862336e-03  0.00000000e+00 
 2.38062336e-03  1.97604269e+00  2.38062336e-03  0.00000000e+00 
 2.38262336e-03  1.97122894e+00  2.38262336e-03  0.00000000e+00 
 2.38462336e-03  1.96642692e+00  2.38462336e-03  0.00000000e+00 
 2.38662336e-03  1.96163660e+00  2.38662336e-03  0.00000000e+00 
 2.38862336e-03  1.95685795e+00  2.38862336e-03  0.00000000e+00 
 2.39062336e-03  1.95209094e+00  2.39062336e-03  0.00000000e+00 
 2.39262336e-03  1.94733554e+00  2.39262336e-03  0.00000000e+00 
 2.39462336e-03  1.94259173e+00  2.39462336e-03  0.00000000e+00 
 2.39662336e-03  1.93785947e+00  2.39662336e-03  0.00000000e+00 
 2.39862336e-03  1.93313874e+00  2.39862336e-03  0.00000000e+00 
 2.40062336e-03  1.92842951e+00  2.40062336e-03  0.00000000e+00 
 2.40262336e-03  1.92373175e+00  2.40262336e-03  0.00000000e+00 
 2.40462336e-03  1.91904544e+00  2.40462336e-03  0.00000000e+00 
 2.40662336e-03  1.91437054e+00  2.40662336e-03  0.00000000e+00 
 2.40862336e-03  1.90970703e+00  2.40862336e-03  0.00000000e+00 
 2.41062336e-03  1.90505488e+00  2.41062336e-03  0.00000000e+00 
 2.41262336e-03  1.90041407e+00  2.41262336e-03  0.00000000e+00 
 2.41462336e-03  1.89578456e+00  2.41462336e-03  0.00000000e+00 
 2.41662336e-03  1.89116632e+00  2.41662336e-03  0.00000000e+00 
 2.41862336e-03  1.88655934e+00  2.41862336e-03  0.00000000e+00 
 2.42062336e-03  1.88196358e+00  2.42062336e-03  0.00000000e+00 
 2.42262336e-03  1.87737902e+00  2.42262336e-03  0.00000000e+00 
 2.42462336e-03  1.87280562e+00  2.42462336e-03  0.00000000e+00 
 2.42662336e-03  1.86824337e+00  2.42662336e-03  0.00000000e+00 
 2.42862336e-03  1.86369223e+00  2.42862336e-03  0.00000000e+00 
 2.43062336e-03  1.85915217e+00  2.43062336e-03  0.00000000e+00 
 2.43262336e-03  1.85462318e+00  2.43262336e-03  0.00000000e+00 
 2.43462336e-03  1.85010522e+00  2.43462336e-03  0.00000000e+00 
 2.43662336e-03  1.84559826e+00  2.43662336e-03  0.00000000e+00 
 2.43862336e-03  1.84110228e+00  2.43862336e-03  0.00000000e+00 
 2.44062336e-03  1.83661726e+00  2.44062336e-03  0.00000000e+00 
 2.44262336e-03  1.83214316e+00  2.44262336e-03  0.00000000e+00 
 2.44462336e-03  1.82767996e+00  2.44462336e-03  0.00000000e+00 
 2.44662336e-03  1.82322764e+00  2.44662336e-03  0.00000000e+00 
 2.44862336e-03  1.81878616e+00  2.44862336e-03  0.00000000e+00 
 2.45062336e-03  1.81435550e+00  2.45062336e-03  0.00000000e+00 
 2.45262336e-03  1.80993563e+00  2.45262336e-03  0.00000000e+00 
 2.45462336e-03  1.80552653e+00  2.45462336e-03  0.00000000e+00 
 2.45662336e-03  1.80112817e+00  2.45662336e-03  0.00000000e+00 
 2.45862336e-03  1.79674052e+00  2.45862336e-03  0.00000000e+00 
 2.46000000e-03  1.79372663e+00  2.46000000e-03  0.00000000e+00 
 2.46000010e-03  1.79372648e+00  2.46000010e-03  5.00000000e-01 
 2.46000030e-03  1.79372628e+00  2.46000030e-03  1.50000000e+00 
 2.46000070e-03  1.79372663e+00  2.46000070e-03  3.50000000e+00 
 2.46000100e-03  1.79372753e+00  2.46000100e-03  5.00000000e+00 
 2.46000108e-03  1.79372784e+00  2.46000108e-03  5.00000000e+00 
 2.46000124e-03  1.79372846e+00  2.46000124e-03  5.00000000e+00 
 2.46000156e-03  1.79372971e+00  2.46000156e-03  5.00000000e+00 
 2.46000220e-03  1.79373222e+00  2.46000220e-03  5.00000000e+00 
 2.46000348e-03  1.79373722e+00  2.46000348e-03  5.00000000e+00 
 2.46000604e-03  1.79374723e+00  2.46000604e-03  5.00000000e+00 
 2.46001116e-03  1.79376725e+00  2.46001116e-03  5.00000000e+00 
 2.46002140e-03  1.79380729e+00  2.46002140e-03  5.00000000e+00 
 2.46004188e-03  1.79388737e+00  2.46004188e-03  5.00000000e+00 
 2.46008284e-03  1.79404751e+00  2.46008284e-03  5.00000000e+00 
 2.46016476e-03  1.79436778e+00  2.46016476e-03  5.00000000e+00 
 2.46032860e-03  1.79500821e+00  2.46032860e-03  5.00000000e+00 
 2.46065628e-03  1.79628870e+00  2.46065628e-03  5.00000000e+00 
 2.46131164e-03  1.79884815e+00  2.46131164e-03  5.00000000e+00 
 2.46262236e-03  1.80396091e+00  2.46262236e-03  5.00000000e+00 
 2.46462236e-03  1.81174663e+00  2.46462236e-03  5.00000000e+00 
 2.46662236e-03  1.81951339e+00  2.46662236e-03  5.00000000e+00 
 2.46862236e-03  1.82726122e+00  2.46862236e-03  5.00000000e+00 
 2.47062236e-03  1.83499019e+00  2.47062236e-03  5.00000000e+00 
 2.47262236e-03  1.84270032e+00  2.47262236e-03  5.00000000e+00 
 2.47462236e-03  1.85039167e+00  2.47462236e-03  5.00000000e+00 
 2.47662236e-03  1.85806429e+00  2.47662236e-03  5.00000000e+00 
 2.47862236e-03  1.86571821e+00  2.47862236e-03  5.00000000e+00 
 2.48062236e-03  1.87335349e+00  2.48062236e-03  5.00000000e+00 
 2.48262236e-03  1.88097017e+00  2.48262236e-03  5.00000000e+00 
 2.48462236e-03  1.88856829e+00  2.48462236e-03  5.00000000e+00 
 2.48662236e-03  1.89614790e+00  2.48662236e-03  5.00000000e+00 
 2.48862236e-03  1.90370905e+00  2.48862236e-03  5.00000000e+00 
 2.49062236e-03  1.91125179e+00  2.49062236e-03  5.00000000e+00 
 2.49262236e-03  1.91877614e+00  2.49262236e-03  5.00000000e+00 
 2.49462236e-03  1.92628217e+00  2.49462236e-03  5.00000000e+00 
 2.49662236e-03  1.93376991e+00  2.49662236e-03  5.00000000e+00 
 2.49862236e-03  1.94123941e+00  2.49862236e-03  5.00000000e+00 
 2.50000000e-03  1.94637396e+00  2.50000000e-03  5.00000000e+00 
