 0.00000000e+00  0.00000000e+00  0.00000000e+00  0.00000000e+00 
 1.00000000e-06  0.00000000e+00  1.00000000e-06  0.00000000e+00 
 2.00000000e-06  0.00000000e+00  2.00000000e-06  0.00000000e+00 
 4.00000000e-06  0.00000000e+00  4.00000000e-06  0.00000000e+00 
 8.00000000e-06  0.00000000e+00  8.00000000e-06  0.00000000e+00 
 1.60000000e-05  0.00000000e+00  1.60000000e-05  0.00000000e+00 
 3.20000000e-05  0.00000000e+00  3.20000000e-05  0.00000000e+00 
 6.40000000e-05  0.00000000e+00  6.40000000e-05  0.00000000e+00 
 1.00000000e-04  0.00000000e+00  1.00000000e-04  0.00000000e+00 
 1.00000100e-04  6.09756023e-08  1.00000100e-04  5.00000000e-01 
 1.00000300e-04  3.04877997e-07  1.00000300e-04  1.50000000e+00 
 1.00000700e-04  1.52438975e-06  1.00000700e-04  3.50000000e+00 
 1.00001000e-04  3.07926695e-06  1.00001000e-04  5.00000000e+00 
 1.00001050e-04  3.38228559e-06  1.00001050e-04  5.00000000e+00 
 1.00001149e-04  3.98832281e-06  1.00001149e-04  5.00000000e+00 
 1.00001348e-04  5.20039705e-06  1.00001348e-04  5.00000000e+00 
 1.00001745e-04  7.62454465e-06  1.00001745e-04  5.00000000e+00 
 1.00002541e-04  1.24728363e-05  1.00002541e-04  5.00000000e+00 
 1.00004131e-04  2.21694055e-05  1.00004131e-04  5.00000000e+00 
 1.00007311e-04  4.15624876e-05  1.00007311e-04  5.00000000e+00 
 1.00013672e-04  8.03484260e-05  1.00013672e-04  5.00000000e+00 
 1.00026394e-04  1.57919400e-04  1.00026394e-04  5.00000000e+00 
 1.00051838e-04  3.13057738e-04  1.00051838e-04  5.00000000e+00 
 1.00102726e-04  6.23319973e-04  1.00102726e-04  5.00000000e+00 
 1.00204501e-04  1.24378668e-03  1.00204501e-04  5.00000000e+00 
 1.00408052e-04  2.48448910e-03  1.00408052e-04  5.00000000e+00 
 1.00815155e-04  4.96497022e-03  1.00815155e-04  5.00000000e+00 
 1.01629359e-04  9.92223987e-03  1.01629359e-04  5.00000000e+00 
 1.03257768e-04  1.98220271e-02  1.03257768e-04  5.00000000e+00 
 1.06514585e-04  3.95627396e-02  1.06514585e-04  5.00000000e+00 
 1.13028220e-04  7.88098808e-02  1.13028220e-04  5.00000000e+00 
 1.26055489e-04  1.56376260e-01  1.26055489e-04  5.00000000e+00 
 1.52110028e-04  3.07869961e-01  1.52110028e-04  5.00000000e+00 
 2.04219106e-04  5.96861461e-01  2.04219106e-04  5.00000000e+00 
 3.04219106e-04  1.10296934e+00  3.04219106e-04  5.00000000e+00 
 4.04219106e-04  1.55090390e+00  4.04219106e-04  5.00000000e+00 
 5.04219106e-04  1.94735173e+00  5.04219106e-04  5.00000000e+00 
 6.04219106e-04  2.29823084e+00  6.04219106e-04  5.00000000e+00 
 7.04219106e-04  2.60877902e+00  7.04219106e-04  5.00000000e+00 
 8.04219106e-04  2.88363200e+00  8.04219106e-04  5.00000000e+00 
 9.04219106e-04  3.12689269e+00  9.04219106e-04  5.00000000e+00 
 1.00421911e-03  3.34219238e+00  1.00421911e-03  5.00000000e+00 
 1.10421911e-03  3.53274498e+00  1.10421911e-03  5.00000000e+00 
 1.20421911e-03  3.70139498e+00  1.20421911e-03  5.00000000e+00 
 1.30421911e-03  3.85065993e+00  1.30421911e-03  5.00000000e+00 
 1.40421911e-03  3.98276798e+00  1.40421911e-03  5.00000000e+00 
 1.50421911e-03  4.09969120e+00  1.50421911e-03  5.00000000e+00 
 1.60421911e-03  4.20317497e+00  1.60421911e-03  5.00000000e+00 
 1.70421911e-03  4.29476406e+00  1.70421911e-03  5.00000000e+00 
 1.80421911e-03  4.37582566e+00  1.80421911e-03  5.00000000e+00 
 1.90421911e-03  4.44756984e+00  1.90421911e-03  5.00000000e+00 
 2.00421911e-03  4.51106756e+00  2.00421911e-03  5.00000000e+00 
 2.10421911e-03  4.56726669e+00  2.10421911e-03  5.00000000e+00 
 2.20421911e-03  4.61700615e+00  2.20421911e-03  5.00000000e+00 
 2.30421911e-03  4.66102843e+00  2.30421911e-03  5.00000000e+00 
 2.40421911e-03  4.69999068e+00  2.40421911e-03  5.00000000e+00 
 2.50421911e-03  4.73447451e+00  2.50421911e-03  5.00000000e+00 
 2.60421911e-03  4.76499468e+00  2.60421911e-03  5.00000000e+00 
 2.70421911e-03  4.79200679e+00  2.70421911e-03  5.00000000e+00 
 2.80421911e-03  4.81591405e+00  2.80421911e-03  5.00000000e+00 
 2.90421911e-03  4.83707336e+00  2.90421911e-03  5.00000000e+00 
 3.00421911e-03  4.85580056e+00  3.00421911e-03  5.00000000e+00 
 3.10421911e-03  4.87237521e+00  3.10421911e-03  5.00000000e+00 
 3.20421911e-03  4.88704472e+00  3.20421911e-03  5.00000000e+00 
 3.30421911e-03  4.90002809e+00  3.30421911e-03  5.00000000e+00 
 3.40421911e-03  4.91151911e+00  3.40421911e-03  5.00000000e+00 
 3.50421911e-03  4.92168933e+00  3.50421911e-03  5.00000000e+00 
 3.60421911e-03  4.93069056e+00  3.60421911e-03  5.00000000e+00 
 3.70421911e-03  4.93865716e+00  3.70421911e-03  5.00000000e+00 
 3.80421911e-03  4.94570806e+00  3.80421911e-03  5.00000000e+00 
 3.90421911e-03  4.95194851e+00  3.90421911e-03  5.00000000e+00 
 4.00421911e-03  4.95747167e+00  4.00421911e-03  5.00000000e+00 
 4.10421911e-03  4.96235999e+00  4.10421911e-03  5.00000000e+00 
 4.20000100e-03  4.96651400e+00  4.20000100e-03  5.00000000e+00 
 4.21000100e-03  4.90667648e+00  4.21000100e-03  0.00000000e+00 
 4.23000100e-03  4.78844331e+00  4.23000100e-03  0.00000000e+00 
 4.27000100e-03  4.56042220e+00  4.27000100e-03  0.00000000e+00 
 4.35000100e-03  4.13619688e+00  4.35000100e-03  0.00000000e+00 
 4.45000100e-03  3.66077195e+00  4.45000100e-03  0.00000000e+00 
 4.55000100e-03  3.23999357e+00  4.55000100e-03  0.00000000e+00 
 4.65000100e-03  2.86758051e+00  4.65000100e-03  0.00000000e+00 
 4.75000100e-03  2.53797356e+00  4.75000100e-03  0.00000000e+00 
 4.85000100e-03  2.24625246e+00  4.85000100e-03  0.00000000e+00 
 4.95000100e-03  1.98806252e+00  4.95000100e-03  0.00000000e+00 
 5.05000100e-03  1.75954959e+00  5.05000100e-03  0.00000000e+00 
 5.15000100e-03  1.55730251e+00  5.15000100e-03  0.00000000e+00 
 5.25000100e-03  1.37830222e+00  5.25000100e-03  0.00000000e+00 
 5.35000100e-03  1.21987668e+00  5.35000100e-03  0.00000000e+00 
 5.45000100e-03  1.07966097e+00  5.45000100e-03  0.00000000e+00 
 5.55000100e-03  9.55562006e-01  5.55000100e-03  0.00000000e+00 
 5.65000100e-03  8.45727293e-01  5.65000100e-03  0.00000000e+00 
 5.75000100e-03  7.48517259e-01  5.75000100e-03  0.00000000e+00 
 5.85000100e-03  6.62480793e-01  5.85000100e-03  0.00000000e+00 
 5.95000100e-03  5.86333575e-01  5.95000100e-03  0.00000000e+00 
 6.05000100e-03  5.18938911e-01  6.05000100e-03  0.00000000e+00 
 6.15000100e-03  4.59290761e-01  6.15000100e-03  0.00000000e+00 
 6.25000100e-03  4.06498719e-01  6.25000100e-03  0.00000000e+00 
 6.35000100e-03  3.59774728e-01  6.35000100e-03  0.00000000e+00 
 6.45000100e-03  3.18421311e-01  6.45000100e-03  0.00000000e+00 
 6.55000100e-03  2.81821161e-01  6.55000100e-03  0.00000000e+00 
 6.65000100e-03  2.49427924e-01  6.65000100e-03  0.00000000e+00 
 6.75000100e-03  2.20758047e-01  6.75000100e-03  0.00000000e+00 
 6.85000100e-03  1.95383559e-01  6.85000100e-03  0.00000000e+00 
 6.95000100e-03  1.72925679e-01  6.95000100e-03  0.00000000e+00 
 7.05000100e-03  1.53049164e-01  7.05000100e-03  0.00000000e+00 
 7.15000100e-03  1.35457306e-01  7.15000100e-03  0.00000000e+00 
 7.25000100e-03  1.19887501e-01  7.25000100e-03  0.00000000e+00 
 7.35000100e-03  1.06107328e-01  7.35000100e-03  0.00000000e+00 
 7.45000100e-03  9.39110837e-02  7.45000100e-03  0.00000000e+00 
 7.55000100e-03  8.31167063e-02  7.55000100e-03  0.00000000e+00 
 7.65000100e-03  7.35630619e-02  7.65000100e-03  0.00000000e+00 
 7.75000100e-03  6.51075375e-02  7.75000100e-03  0.00000000e+00 
 7.85000100e-03  5.76239125e-02  7.85000100e-03  0.00000000e+00 
 7.95000100e-03  5.10004743e-02  7.95000100e-03  0.00000000e+00 
 8.05000100e-03  4.51383508e-02  8.05000100e-03  0.00000000e+00 
 8.15000100e-03  3.99500346e-02  8.15000100e-03  0.00000000e+00 
 8.25000100e-03  3.53580766e-02  8.25000100e-03  0.00000000e+00 
 8.35000100e-03  3.12939299e-02  8.35000100e-03  0.00000000e+00 
 8.45000100e-03  2.76969264e-02  8.45000100e-03  0.00000000e+00 
 8.55000100e-03  2.45133717e-02  8.55000100e-03  0.00000000e+00 
 8.65000100e-03  2.16957428e-02  8.65000100e-03  0.00000000e+00 
 8.75000100e-03  1.92019792e-02  8.75000100e-03  0.00000000e+00 
 8.85000100e-03  1.69948552e-02  8.85000100e-03  0.00000000e+00 
 8.95000100e-03  1.50414235e-02  8.95000100e-03  0.00000000e+00 
 9.05000100e-03  1.33125243e-02  9.05000100e-03  0.00000000e+00 
 9.15000100e-03  1.17823491e-02  9.15000100e-03  0.00000000e+00 
 9.25000100e-03  1.04280561e-02  9.25000100e-03  0.00000000e+00 
 9.35000100e-03  9.22942895e-03  9.35000100e-03  0.00000000e+00 
 9.45000100e-03  8.16857504e-03  9.45000100e-03  0.00000000e+00 
 9.55000100e-03  7.22965837e-03  9.55000100e-03  0.00000000e+00 
 9.65000100e-03  6.39866316e-03  9.65000100e-03  0.00000000e+00 
 9.75000100e-03  5.66318463e-03  9.75000100e-03  0.00000000e+00 
 9.85000100e-03  5.01224387e-03  9.85000100e-03  0.00000000e+00 
 9.95000100e-03  4.43612389e-03  9.95000100e-03  0.00000000e+00 
 1.00000000e-02  4.17363644e-03  1.00000000e-02  0.00000000e+00 
