 0.00000000e+00  0.00000000e+00  0.00000000e+00  0.00000000e+00 
 1.00000000e-07  0.00000000e+00  1.00000000e-07  0.00000000e+00 
 2.00000000e-07  0.00000000e+00  2.00000000e-07  0.00000000e+00 
 4.00000000e-07  0.00000000e+00  4.00000000e-07  0.00000000e+00 
 8.00000000e-07  0.00000000e+00  8.00000000e-07  0.00000000e+00 
 1.60000000e-06  0.00000000e+00  1.60000000e-06  0.00000000e+00 
 3.20000000e-06  0.00000000e+00  3.20000000e-06  0.00000000e+00 
 6.40000000e-06  0.00000000e+00  6.40000000e-06  0.00000000e+00 
 1.28000000e-05  0.00000000e+00  1.28000000e-05  0.00000000e+00 
 2.28000000e-05  0.00000000e+00  2.28000000e-05  0.00000000e+00 
 3.28000000e-05  0.00000000e+00  3.28000000e-05  0.00000000e+00 
 4.28000000e-05  0.00000000e+00  4.28000000e-05  0.00000000e+00 
 5.28000000e-05  0.00000000e+00  5.28000000e-05  0.00000000e+00 
 6.28000000e-05  0.00000000e+00  6.28000000e-05  0.00000000e+00 
 7.28000000e-05  0.00000000e+00  7.28000000e-05  0.00000000e+00 
 8.28000000e-05  0.00000000e+00  8.28000000e-05  0.00000000e+00 
 9.28000000e-05  0.00000000e+00  9.28000000e-05  0.00000000e+00 
 1.00000000e-04  0.00000000e+00  1.00000000e-04  0.00000000e+00 
 1.00000100e-04  6.09756023e-08  1.00000100e-04  5.00000000e-01 
 1.00000300e-04  3.04877997e-07  1.00000300e-04  1.50000000e+00 
 1.00000700e-04  1.52438975e-06  1.00000700e-04  3.50000000e+00 
 1.00001000e-04  3.07926695e-06  1.00001000e-04  5.00000000e+00 
 1.00001050e-04  3.38228559e-06  1.00001050e-04  5.00000000e+00 
 1.00001149e-04  3.98832281e-06  1.00001149e-04  5.00000000e+00 
 1.00001348e-04  5.20039705e-06  1.00001348e-04  5.00000000e+00 
 1.00001745e-04  7.62454465e-06  1.00001745e-04  5.00000000e+00 
 1.00002541e-04  1.24728363e-05  1.00002541e-04  5.00000000e+00 
 1.00004131e-04  2.21694055e-05  1.00004131e-04  5.00000000e+00 
 1.00007311e-04  4.15624876e-05  1.00007311e-04  5.00000000e+00 
 1.00013672e-04  8.03484260e-05  1.00013672e-04  5.00000000e+00 
 1.00026394e-04  1.57919400e-04  1.00026394e-04  5.00000000e+00 
 1.00051838e-04  3.13057738e-04  1.00051838e-04  5.00000000e+00 
 1.00102726e-04  6.23319973e-04  1.00102726e-04  5.00000000e+00 
 1.00204501e-04  1.24378668e-03  1.00204501e-04  5.00000000e+00 
 1.00408052e-04  2.48448910e-03  1.00408052e-04  5.00000000e+00 
 1.00815155e-04  4.96497022e-03  1.00815155e-04  5.00000000e+00 
 1.01629359e-04  9.92223987e-03  1.01629359e-04  5.00000000e+00 
 1.03257768e-04  1.98220271e-02  1.03257768e-04  5.00000000e+00 
 1.06514585e-04  3.95627396e-02  1.06514585e-04  5.00000000e+00 
 1.13028220e-04  7.88098808e-02  1.13028220e-04  5.00000000e+00 
 1.23028220e-04  1.38460670e-01  1.23028220e-04  5.00000000e+00 
 1.33028220e-04  1.97388420e-01  1.33028220e-04  5.00000000e+00 
 1.43028220e-04  2.55601893e-01  1.43028220e-04  5.00000000e+00 
 1.53028220e-04  3.13109749e-01  1.53028220e-04  5.00000000e+00 
 1.63028220e-04  3.69920540e-01  1.63028220e-04  5.00000000e+00 
 1.73028220e-04  4.26042715e-01  1.73028220e-04  5.00000000e+00 
 1.83028220e-04  4.81484622e-01  1.83028220e-04  5.00000000e+00 
 1.93028220e-04  5.36254505e-01  1.93028220e-04  5.00000000e+00 
 2.03028220e-04  5.90360511e-01  2.03028220e-04  5.00000000e+00 
 2.13028220e-04  6.43810687e-01  2.13028220e-04  5.00000000e+00 
 2.23028220e-04  6.96612981e-01  2.23028220e-04  5.00000000e+00 
 2.33028220e-04  7.48775248e-01  2.33028220e-04  5.00000000e+00 
 2.43028220e-04  8.00305245e-01  2.43028220e-04  5.00000000e+00 
 2.53028220e-04  8.51210636e-01  2.53028220e-04  5.00000000e+00 
 2.63028220e-04  9.01498992e-01  2.63028220e-04  5.00000000e+00 
 2.73028220e-04  9.51177792e-01  2.73028220e-04  5.00000000e+00 
 2.83028220e-04  1.00025443e+00  2.83028220e-04  5.00000000e+00 
 2.93028220e-04  1.04873619e+00  2.93028220e-04  5.00000000e+00 
 3.03028220e-04  1.09663030e+00  3.03028220e-04  5.00000000e+00 
 3.13028220e-04  1.14394387e+00  3.13028220e-04  5.00000000e+00 
 3.23028220e-04  1.19068394e+00  3.23028220e-04  5.00000000e+00 
 3.33028220e-04  1.23685747e+00  3.33028220e-04  5.00000000e+00 
 3.43028220e-04  1.28247132e+00  3.43028220e-04  5.00000000e+00 
 3.53028220e-04  1.32753227e+00  3.53028220e-04  5.00000000e+00 
 3.63028220e-04  1.37204703e+00  3.63028220e-04  5.00000000e+00 
 3.73028220e-04  1.41602222e+00  3.73028220e-04  5.00000000e+00 
 3.83028220e-04  1.45946438e+00  3.83028220e-04  5.00000000e+00 
 3.93028220e-04  1.50237996e+00  3.93028220e-04  5.00000000e+00 
 4.03028220e-04  1.54477535e+00  4.03028220e-04  5.00000000e+00 
 4.13028220e-04  1.58665686e+00  4.13028220e-04  5.00000000e+00 
 4.23028220e-04  1.62803072e+00  4.23028220e-04  5.00000000e+00 
 4.33028220e-04  1.66890308e+00  4.33028220e-04  5.00000000e+00 
 4.43028220e-04  1.70928001e+00  4.43028220e-04  5.00000000e+00 
 4.53028220e-04  1.74916752e+00  4.53028220e-04  5.00000000e+00 
 4.63028220e-04  1.78857155e+00  4.63028220e-04  5.00000000e+00 
 4.73028220e-04  1.82749796e+00  4.73028220e-04  5.00000000e+00 
 4.83028220e-04  1.86595253e+00  4.83028220e-04  5.00000000e+00 
 4.93028220e-04  1.90394098e+00  4.93028220e-04  5.00000000e+00 
 5.03028220e-04  1.94146897e+00  5.03028220e-04  5.00000000e+00 
 5.13028220e-04  1.97854207e+00  5.13028220e-04  5.00000000e+00 
 5.23028220e-04  2.01516581e+00  5.23028220e-04  5.00000000e+00 
 5.33028220e-04  2.05134562e+00  5.33028220e-04  5.00000000e+00 
 5.43028220e-04  2.08708688e+00  5.43028220e-04  5.00000000e+00 
 5.53028220e-04  2.12239492e+00  5.53028220e-04  5.00000000e+00 
 5.63028220e-04  2.15727498e+00  5.63028220e-04  5.00000000e+00 
 5.73028220e-04  2.19173225e+00  5.73028220e-04  5.00000000e+00 
 5.83028220e-04  2.22577186e+00  5.83028220e-04  5.00000000e+00 
 5.93028220e-04  2.25939887e+00  5.93028220e-04  5.00000000e+00 
 6.00001000e-04  2.28260461e+00  6.00001000e-04  5.00000000e+00 
 6.01001000e-04  2.27982433e+00  6.01001000e-04  0.00000000e+00 
 6.03001000e-04  2.27427056e+00  6.03001000e-04  0.00000000e+00 
 6.07001000e-04  2.26320355e+00  6.07001000e-04  0.00000000e+00 
 6.15001000e-04  2.24123070e+00  6.15001000e-04  0.00000000e+00 
 6.25001000e-04  2.21406427e+00  6.25001000e-04  0.00000000e+00 
 6.35001000e-04  2.18722712e+00  6.35001000e-04  0.00000000e+00 
 6.45001000e-04  2.16071528e+00  6.45001000e-04  0.00000000e+00 
 6.55001000e-04  2.13452479e+00  6.55001000e-04  0.00000000e+00 
 6.65001000e-04  2.10865176e+00  6.65001000e-04  0.00000000e+00 
 6.75001000e-04  2.08309235e+00  6.75001000e-04  0.00000000e+00 
 6.85001000e-04  2.05784274e+00  6.85001000e-04  0.00000000e+00 
 6.95001000e-04  2.03289920e+00  6.95001000e-04  0.00000000e+00 
 7.05001000e-04  2.00825799e+00  7.05001000e-04  0.00000000e+00 
 7.15001000e-04  1.98391547e+00  7.15001000e-04  0.00000000e+00 
 7.25001000e-04  1.95986801e+00  7.25001000e-04  0.00000000e+00 
 7.35001000e-04  1.93611204e+00  7.35001000e-04  0.00000000e+00 
 7.45001000e-04  1.91264401e+00  7.45001000e-04  0.00000000e+00 
 7.55001000e-04  1.88946045e+00  7.55001000e-04  0.00000000e+00 
 7.65001000e-04  1.86655790e+00  7.65001000e-04  0.00000000e+00 
 7.75001000e-04  1.84393295e+00  7.75001000e-04  0.00000000e+00 
 7.85001000e-04  1.82158225e+00  7.85001000e-04  0.00000000e+00 
 7.95001000e-04  1.79950247e+00  7.95001000e-04  0.00000000e+00 
 8.05001000e-04  1.77769031e+00  8.05001000e-04  0.00000000e+00 
 8.15001000e-04  1.75614255e+00  8.15001000e-04  0.00000000e+00 
 8.25001000e-04  1.73485598e+00  8.25001000e-04  0.00000000e+00 
 8.35001000e-04  1.71382742e+00  8.35001000e-04  0.00000000e+00 
 8.45001000e-04  1.69305375e+00  8.45001000e-04  0.00000000e+00 
 8.55001000e-04  1.67253189e+00  8.55001000e-04  0.00000000e+00 
 8.65001000e-04  1.65225878e+00  8.65001000e-04  0.00000000e+00 
 8.75001000e-04  1.63223140e+00  8.75001000e-04  0.00000000e+00 
 8.85001000e-04  1.61244677e+00  8.85001000e-04  0.00000000e+00 
 8.95001000e-04  1.59290196e+00  8.95001000e-04  0.00000000e+00 
 9.05001000e-04  1.57359406e+00  9.05001000e-04  0.00000000e+00 
 9.15001000e-04  1.55452019e+00  9.15001000e-04  0.00000000e+00 
 9.25001000e-04  1.53567753e+00  9.25001000e-04  0.00000000e+00 
 9.35001000e-04  1.51706325e+00  9.35001000e-04  0.00000000e+00 
 9.45001000e-04  1.49867461e+00  9.45001000e-04  0.00000000e+00 
 9.55001000e-04  1.48050885e+00  9.55001000e-04  0.00000000e+00 
 9.65001000e-04  1.46256329e+00  9.65001000e-04  0.00000000e+00 
 9.75001000e-04  1.44483525e+00  9.75001000e-04  0.00000000e+00 
 9.85001000e-04  1.42732210e+00  9.85001000e-04  0.00000000e+00 
 9.95001000e-04  1.41002122e+00  9.95001000e-04  0.00000000e+00 
 1.00500100e-03  1.39293006e+00  1.00500100e-03  0.00000000e+00 
 1.01500100e-03  1.37604606e+00  1.01500100e-03  0.00000000e+00 
 1.02500100e-03  1.35936671e+00  1.02500100e-03  0.00000000e+00 
 1.03500100e-03  1.34288954e+00  1.03500100e-03  0.00000000e+00 
 1.04500100e-03  1.32661209e+00  1.04500100e-03  0.00000000e+00 
 1.05500100e-03  1.31053194e+00  1.05500100e-03  0.00000000e+00 
 1.06500100e-03  1.29464671e+00  1.06500100e-03  0.00000000e+00 
 1.07500100e-03  1.27895402e+00  1.07500100e-03  0.00000000e+00 
 1.08500100e-03  1.26345155e+00  1.08500100e-03  0.00000000e+00 
 1.09500100e-03  1.24813698e+00  1.09500100e-03  0.00000000e+00 
 1.10500100e-03  1.23300805e+00  1.10500100e-03  0.00000000e+00 
 1.11500100e-03  1.21806250e+00  1.11500100e-03  0.00000000e+00 
 1.12500100e-03  1.20329810e+00  1.12500100e-03  0.00000000e+00 
 1.13500100e-03  1.18871267e+00  1.13500100e-03  0.00000000e+00 
 1.14500100e-03  1.17430403e+00  1.14500100e-03  0.00000000e+00 
 1.15500100e-03  1.16007005e+00  1.15500100e-03  0.00000000e+00 
 1.16500100e-03  1.14600859e+00  1.16500100e-03  0.00000000e+00 
 1.17500100e-03  1.13211758e+00  1.17500100e-03  0.00000000e+00 
 1.18500100e-03  1.11839494e+00  1.18500100e-03  0.00000000e+00 
 1.19500100e-03  1.10483864e+00  1.19500100e-03  0.00000000e+00 
 1.20500100e-03  1.09144665e+00  1.20500100e-03  0.00000000e+00 
 1.21500100e-03  1.07821700e+00  1.21500100e-03  0.00000000e+00 
 1.22500100e-03  1.06514770e+00  1.22500100e-03  0.00000000e+00 
 1.23500100e-03  1.05223682e+00  1.23500100e-03  0.00000000e+00 
 1.24500100e-03  1.03948243e+00  1.24500100e-03  0.00000000e+00 
 1.25500100e-03  1.02688265e+00  1.25500100e-03  0.00000000e+00 
 1.26500100e-03  1.01443558e+00  1.26500100e-03  0.00000000e+00 
 1.27500100e-03  1.00213940e+00  1.27500100e-03  0.00000000e+00 
 1.28500100e-03  9.89992251e-01  1.28500100e-03  0.00000000e+00 
 1.29500100e-03  9.77992345e-01  1.29500100e-03  0.00000000e+00 
 1.30500100e-03  9.66137893e-01  1.30500100e-03  0.00000000e+00 
 1.31500100e-03  9.54427130e-01  1.31500100e-03  0.00000000e+00 
 1.32500100e-03  9.42858317e-01  1.32500100e-03  0.00000000e+00 
 1.33500100e-03  9.31429731e-01  1.33500100e-03  0.00000000e+00 
 1.34500100e-03  9.20139674e-01  1.34500100e-03  0.00000000e+00 
 1.35500100e-03  9.08986465e-01  1.35500100e-03  0.00000000e+00 
 1.36500100e-03  8.97968448e-01  1.36500100e-03  0.00000000e+00 
 1.37500100e-03  8.87083982e-01  1.37500100e-03  0.00000000e+00 
 1.38500100e-03  8.76331449e-01  1.38500100e-03  0.00000000e+00 
 1.39500100e-03  8.65709249e-01  1.39500100e-03  0.00000000e+00 
 1.40500100e-03  8.55215804e-01  1.40500100e-03  0.00000000e+00 
 1.41500100e-03  8.44849552e-01  1.41500100e-03  0.00000000e+00 
 1.42500100e-03  8.34608951e-01  1.42500100e-03  0.00000000e+00 
 1.43500100e-03  8.24492479e-01  1.43500100e-03  0.00000000e+00 
 1.44500100e-03  8.14498631e-01  1.44500100e-03  0.00000000e+00 
 1.45500100e-03  8.04625920e-01  1.45500100e-03  0.00000000e+00 
 1.46500100e-03  7.94872878e-01  1.46500100e-03  0.00000000e+00 
 1.47500100e-03  7.85238056e-01  1.47500100e-03  0.00000000e+00 
 1.48500100e-03  7.75720019e-01  1.48500100e-03  0.00000000e+00 
 1.49500100e-03  7.66317352e-01  1.49500100e-03  0.00000000e+00 
 1.50500100e-03  7.57028657e-01  1.50500100e-03  0.00000000e+00 
 1.51500100e-03  7.47852552e-01  1.51500100e-03  0.00000000e+00 
 1.52500100e-03  7.38787672e-01  1.52500100e-03  0.00000000e+00 
 1.53500100e-03  7.29832670e-01  1.53500100e-03  0.00000000e+00 
 1.54500100e-03  7.20986214e-01  1.54500100e-03  0.00000000e+00 
 1.55500100e-03  7.12246987e-01  1.55500100e-03  0.00000000e+00 
 1.56500100e-03  7.03613690e-01  1.56500100e-03  0.00000000e+00 
 1.57500100e-03  6.95085039e-01  1.57500100e-03  0.00000000e+00 
 1.58500100e-03  6.86659766e-01  1.58500100e-03  0.00000000e+00 
 1.59500100e-03  6.78336617e-01  1.59500100e-03  0.00000000e+00 
 1.60500100e-03  6.70114355e-01  1.60500100e-03  0.00000000e+00 
 1.61500100e-03  6.61991757e-01  1.61500100e-03  0.00000000e+00 
 1.62500100e-03  6.53967614e-01  1.62500100e-03  0.00000000e+00 
 1.63500100e-03  6.46040734e-01  1.63500100e-03  0.00000000e+00 
 1.64500100e-03  6.38209937e-01  1.64500100e-03  0.00000000e+00 
 1.65500100e-03  6.30474059e-01  1.65500100e-03  0.00000000e+00 
 1.66500100e-03  6.22831950e-01  1.66500100e-03  0.00000000e+00 
 1.67500100e-03  6.15282471e-01  1.67500100e-03  0.00000000e+00 
 1.68500100e-03  6.07824502e-01  1.68500100e-03  0.00000000e+00 
 1.69500100e-03  6.00456932e-01  1.69500100e-03  0.00000000e+00 
 1.70500100e-03  5.93178667e-01  1.70500100e-03  0.00000000e+00 
 1.71500100e-03  5.85988622e-01  1.71500100e-03  0.00000000e+00 
 1.72500100e-03  5.78885730e-01  1.72500100e-03  0.00000000e+00 
 1.73500100e-03  5.71868933e-01  1.73500100e-03  0.00000000e+00 
 1.74500100e-03  5.64937188e-01  1.74500100e-03  0.00000000e+00 
 1.75500100e-03  5.58089465e-01  1.75500100e-03  0.00000000e+00 
 1.76500100e-03  5.51324744e-01  1.76500100e-03  0.00000000e+00 
 1.77500100e-03  5.44642020e-01  1.77500100e-03  0.00000000e+00 
 1.78500100e-03  5.38040298e-01  1.78500100e-03  0.00000000e+00 
 1.79500100e-03  5.31518598e-01  1.79500100e-03  0.00000000e+00 
 1.80500100e-03  5.25075948e-01  1.80500100e-03  0.00000000e+00 
 1.81500100e-03  5.18711391e-01  1.81500100e-03  0.00000000e+00 
 1.82500100e-03  5.12423980e-01  1.82500100e-03  0.00000000e+00 
 1.83500100e-03  5.06212781e-01  1.83500100e-03  0.00000000e+00 
 1.84500100e-03  5.00076868e-01  1.84500100e-03  0.00000000e+00 
 1.85500100e-03  4.94015330e-01  1.85500100e-03  0.00000000e+00 
 1.86500100e-03  4.88027266e-01  1.86500100e-03  0.00000000e+00 
 1.87500100e-03  4.82111784e-01  1.87500100e-03  0.00000000e+00 
 1.88500100e-03  4.76268005e-01  1.88500100e-03  0.00000000e+00 
 1.89500100e-03  4.70495059e-01  1.89500100e-03  0.00000000e+00 
 1.90500100e-03  4.64792089e-01  1.90500100e-03  0.00000000e+00 
 1.91500100e-03  4.59158245e-01  1.91500100e-03  0.00000000e+00 
 1.92500100e-03  4.53592691e-01  1.92500100e-03  0.00000000e+00 
 1.93500100e-03  4.48094597e-01  1.93500100e-03  0.00000000e+00 
 1.94500100e-03  4.42663148e-01  1.94500100e-03  0.00000000e+00 
 1.95500100e-03  4.37297534e-01  1.95500100e-03  0.00000000e+00 
 1.96500100e-03  4.31996958e-01  1.96500100e-03  0.00000000e+00 
 1.97500100e-03  4.26760631e-01  1.97500100e-03  0.00000000e+00 
 1.98500100e-03  4.21587775e-01  1.98500100e-03  0.00000000e+00 
 1.99500100e-03  4.16477620e-01  1.99500100e-03  0.00000000e+00 
 2.00000000e-03  4.13946346e-01  2.00000000e-03  0.00000000e+00 
