 0.00000000e+00  0.00000000e+00  0.00000000e+00  0.00000000e+00 
 1.00000000e-07  0.00000000e+00  1.00000000e-07  0.00000000e+00 
 2.00000000e-07  0.00000000e+00  2.00000000e-07  0.00000000e+00 
 4.00000000e-07  0.00000000e+00  4.00000000e-07  0.00000000e+00 
 8.00000000e-07  0.00000000e+00  8.00000000e-07  0.00000000e+00 
 1.60000000e-06  0.00000000e+00  1.60000000e-06  0.00000000e+00 
 3.20000000e-06  0.00000000e+00  3.20000000e-06  0.00000000e+00 
 6.40000000e-06  0.00000000e+00  6.40000000e-06  0.00000000e+00 
 1.28000000e-05  0.00000000e+00  1.28000000e-05  0.00000000e+00 
 2.28000000e-05  0.00000000e+00  2.28000000e-05  0.00000000e+00 
 3.28000000e-05  0.00000000e+00  3.28000000e-05  0.00000000e+00 
 4.28000000e-05  0.00000000e+00  4.28000000e-05  0.00000000e+00 
 5.28000000e-05  0.00000000e+00  5.28000000e-05  0.00000000e+00 
 6.28000000e-05  0.00000000e+00  6.28000000e-05  0.00000000e+00 
 7.28000000e-05  0.00000000e+00  7.28000000e-05  0.00000000e+00 
 8.28000000e-05  0.00000000e+00  8.28000000e-05  0.00000000e+00 
 9.28000000e-05  0.00000000e+00  9.28000000e-05  0.00000000e+00 
 1.00000000e-04  0.00000000e+00  1.00000000e-04  0.00000000e+00 
 1.00000100e-04  6.09756023e-08  1.00000100e-04  5.00000000e-01 
 1.00000300e-04  3.04877997e-07  1.00000300e-04  1.50000000e+00 
 1.00000700e-04  1.52438975e-06  1.00000700e-04  3.50000000e+00 
 1.00001000e-04  3.07926695e-06  1.00001000e-04  5.00000000e+00 
 1.00001050e-04  3.38228559e-06  1.00001050e-04  5.00000000e+00 
 1.00001149e-04  3.98832281e-06  1.00001149e-04  5.00000000e+00 
 1.00001348e-04  5.20039705e-06  1.00001348e-04  5.00000000e+00 
 1.00001745e-04  7.62454465e-06  1.00001745e-04  5.00000000e+00 
 1.00002541e-04  1.24728363e-05  1.00002541e-04  5.00000000e+00 
 1.00004131e-04  2.21694055e-05  1.00004131e-04  5.00000000e+00 
 1.00007311e-04  4.15624876e-05  1.00007311e-04  5.00000000e+00 
 1.00013672e-04  8.03484260e-05  1.00013672e-04  5.00000000e+00 
 1.00026394e-04  1.57919400e-04  1.00026394e-04  5.00000000e+00 
 1.00051838e-04  3.13057738e-04  1.00051838e-04  5.00000000e+00 
 1.00102726e-04  6.23319973e-04  1.00102726e-04  5.00000000e+00 
 1.00204501e-04  1.24378668e-03  1.00204501e-04  5.00000000e+00 
 1.00408052e-04  2.48448910e-03  1.00408052e-04  5.00000000e+00 
 1.00815155e-04  4.96497022e-03  1.00815155e-04  5.00000000e+00 
 1.01629359e-04  9.92223987e-03  1.01629359e-04  5.00000000e+00 
 1.03257768e-04  1.98220271e-02  1.03257768e-04  5.00000000e+00 
 1.06514585e-04  3.95627396e-02  1.06514585e-04  5.00000000e+00 
 1.13028220e-04  7.88098808e-02  1.13028220e-04  5.00000000e+00 
 1.23028220e-04  1.38460670e-01  1.23028220e-04  5.00000000e+00 
 1.33028220e-04  1.97388420e-01  1.33028220e-04  5.00000000e+00 
 1.43028220e-04  2.55601893e-01  1.43028220e-04  5.00000000e+00 
 1.53028220e-04  3.13109749e-01  1.53028220e-04  5.00000000e+00 
 1.63028220e-04  3.69920540e-01  1.63028220e-04  5.00000000e+00 
 1.73028220e-04  4.26042715e-01  1.73028220e-04  5.00000000e+00 
 1.83028220e-04  4.81484622e-01  1.83028220e-04  5.00000000e+00 
 1.93028220e-04  5.36254505e-01  1.93028220e-04  5.00000000e+00 
 2.03028220e-04  5.90360511e-01  2.03028220e-04  5.00000000e+00 
 2.13028220e-04  6.43810687e-01  2.13028220e-04  5.00000000e+00 
 2.23028220e-04  6.96612981e-01  2.23028220e-04  5.00000000e+00 
 2.33028220e-04  7.48775248e-01  2.33028220e-04  5.00000000e+00 
 2.43028220e-04  8.00305245e-01  2.43028220e-04  5.00000000e+00 
 2.53028220e-04  8.51210636e-01  2.53028220e-04  5.00000000e+00 
 2.63028220e-04  9.01498992e-01  2.63028220e-04  5.00000000e+00 
 2.73028220e-04  9.51177792e-01  2.73028220e-04  5.00000000e+00 
 2.83028220e-04  1.00025443e+00  2.83028220e-04  5.00000000e+00 
 2.93028220e-04  1.04873619e+00  2.93028220e-04  5.00000000e+00 
 3.00001000e-04  1.08219308e+00  3.00001000e-04  5.00000000e+00 
 3.00001100e-04  1.08219350e+00  3.00001100e-04  4.50000000e+00 
 3.00001300e-04  1.08219421e+00  3.00001300e-04  3.50000000e+00 
 3.00001700e-04  1.08219490e+00  3.00001700e-04  1.50000000e+00 
 3.00002000e-04  1.08219478e+00  3.00002000e-04  0.00000000e+00 
 3.00002080e-04  1.08219467e+00  3.00002080e-04  0.00000000e+00 
 3.00002240e-04  1.08219446e+00  3.00002240e-04  0.00000000e+00 
 3.00002560e-04  1.08219404e+00  3.00002560e-04  0.00000000e+00 
 3.00003200e-04  1.08219320e+00  3.00003200e-04  0.00000000e+00 
 3.00004480e-04  1.08219151e+00  3.00004480e-04  0.00000000e+00 
 3.00007040e-04  1.08218813e+00  3.00007040e-04  0.00000000e+00 
 3.00012160e-04  1.08218137e+00  3.00012160e-04  0.00000000e+00 
 3.00022400e-04  1.08216786e+00  3.00022400e-04  0.00000000e+00 
 3.00042880e-04  1.08214083e+00  3.00042880e-04  0.00000000e+00 
 3.00083840e-04  1.08208678e+00  3.00083840e-04  0.00000000e+00 
 3.00165760e-04  1.08197868e+00  3.00165760e-04  0.00000000e+00 
 3.00329600e-04  1.08176252e+00  3.00329600e-04  0.00000000e+00 
 3.00657280e-04  1.08133032e+00  3.00657280e-04  0.00000000e+00 
 3.01312640e-04  1.08046644e+00  3.01312640e-04  0.00000000e+00 
 3.02623360e-04  1.07874076e+00  3.02623360e-04  0.00000000e+00 
 3.05244800e-04  1.07529766e+00  3.05244800e-04  0.00000000e+00 
 3.10487680e-04  1.06844438e+00  3.10487680e-04  0.00000000e+00 
 3.20487680e-04  1.05549354e+00  3.20487680e-04  0.00000000e+00 
 3.30487680e-04  1.04269968e+00  3.30487680e-04  0.00000000e+00 
 3.40487680e-04  1.03006090e+00  3.40487680e-04  0.00000000e+00 
 3.50487680e-04  1.01757531e+00  3.50487680e-04  0.00000000e+00 
 3.60487680e-04  1.00524106e+00  3.60487680e-04  0.00000000e+00 
 3.70487680e-04  9.93056323e-01  3.70487680e-04  0.00000000e+00 
 3.80487680e-04  9.81019277e-01  3.80487680e-04  0.00000000e+00 
 3.90487680e-04  9.69128134e-01  3.90487680e-04  0.00000000e+00 
 4.00487680e-04  9.57381126e-01  4.00487680e-04  0.00000000e+00 
 4.10487680e-04  9.45776506e-01  4.10487680e-04  0.00000000e+00 
 4.20487680e-04  9.34312549e-01  4.20487680e-04  0.00000000e+00 
 4.30487680e-04  9.22987548e-01  4.30487680e-04  0.00000000e+00 
 4.40487680e-04  9.11799820e-01  4.40487680e-04  0.00000000e+00 
 4.50487680e-04  9.00747701e-01  4.50487680e-04  0.00000000e+00 
 4.60487680e-04  8.89829547e-01  4.60487680e-04  0.00000000e+00 
 4.70487680e-04  8.79043735e-01  4.70487680e-04  0.00000000e+00 
 4.80487680e-04  8.68388659e-01  4.80487680e-04  0.00000000e+00 
 4.90487680e-04  8.57862736e-01  4.90487680e-04  0.00000000e+00 
 5.00487680e-04  8.47464400e-01  5.00487680e-04  0.00000000e+00 
 5.10487680e-04  8.37192104e-01  5.10487680e-04  0.00000000e+00 
 5.20487680e-04  8.27044321e-01  5.20487680e-04  0.00000000e+00 
 5.30487680e-04  8.17019541e-01  5.30487680e-04  0.00000000e+00 
 5.40487680e-04  8.07116274e-01  5.40487680e-04  0.00000000e+00 
 5.50487680e-04  7.97333047e-01  5.50487680e-04  0.00000000e+00 
 5.60487680e-04  7.87668404e-01  5.60487680e-04  0.00000000e+00 
 5.70487680e-04  7.78120908e-01  5.70487680e-04  0.00000000e+00 
 5.80487680e-04  7.68689139e-01  5.80487680e-04  0.00000000e+00 
 5.90487680e-04  7.59371695e-01  5.90487680e-04  0.00000000e+00 
 6.00487680e-04  7.50167190e-01  6.00487680e-04  0.00000000e+00 
 6.10487680e-04  7.41074254e-01  6.10487680e-04  0.00000000e+00 
 6.20487680e-04  7.32091536e-01  6.20487680e-04  0.00000000e+00 
 6.30487680e-04  7.23217699e-01  6.30487680e-04  0.00000000e+00 
 6.40487680e-04  7.14451424e-01  6.40487680e-04  0.00000000e+00 
 6.50487680e-04  7.05791407e-01  6.50487680e-04  0.00000000e+00 
 6.60487680e-04  6.97236359e-01  6.60487680e-04  0.00000000e+00 
 6.70487680e-04  6.88785009e-01  6.70487680e-04  0.00000000e+00 
 6.80487680e-04  6.80436100e-01  6.80487680e-04  0.00000000e+00 
 6.90487680e-04  6.72188390e-01  6.90487680e-04  0.00000000e+00 
 7.00487680e-04  6.64040652e-01  7.00487680e-04  0.00000000e+00 
 7.10487680e-04  6.55991674e-01  7.10487680e-04  0.00000000e+00 
 7.20487680e-04  6.48040260e-01  7.20487680e-04  0.00000000e+00 
 7.30487680e-04  6.40185227e-01  7.30487680e-04  0.00000000e+00 
 7.40487680e-04  6.32425406e-01  7.40487680e-04  0.00000000e+00 
 7.50487680e-04  6.24759643e-01  7.50487680e-04  0.00000000e+00 
 7.60487680e-04  6.17186799e-01  7.60487680e-04  0.00000000e+00 
 7.70487680e-04  6.09705747e-01  7.70487680e-04  0.00000000e+00 
 7.80487680e-04  6.02315374e-01  7.80487680e-04  0.00000000e+00 
 7.90487680e-04  5.95014582e-01  7.90487680e-04  0.00000000e+00 
 8.00487680e-04  5.87802284e-01  8.00487680e-04  0.00000000e+00 
 8.10487680e-04  5.80677408e-01  8.10487680e-04  0.00000000e+00 
 8.20487680e-04  5.73638894e-01  8.20487680e-04  0.00000000e+00 
 8.30487680e-04  5.66685695e-01  8.30487680e-04  0.00000000e+00 
 8.40487680e-04  5.59816777e-01  8.40487680e-04  0.00000000e+00 
 8.50487680e-04  5.53031120e-01  8.50487680e-04  0.00000000e+00 
 8.60487680e-04  5.46327712e-01  8.60487680e-04  0.00000000e+00 
 8.70487680e-04  5.39705558e-01  8.70487680e-04  0.00000000e+00 
 8.80487680e-04  5.33163672e-01  8.80487680e-04  0.00000000e+00 
 8.90487680e-04  5.26701082e-01  8.90487680e-04  0.00000000e+00 
 9.00487680e-04  5.20316827e-01  9.00487680e-04  0.00000000e+00 
 9.10487680e-04  5.14009956e-01  9.10487680e-04  0.00000000e+00 
 9.20487680e-04  5.07779533e-01  9.20487680e-04  0.00000000e+00 
 9.30487680e-04  5.01624629e-01  9.30487680e-04  0.00000000e+00 
 9.40487680e-04  4.95544331e-01  9.40487680e-04  0.00000000e+00 
 9.50487680e-04  4.89537733e-01  9.50487680e-04  0.00000000e+00 
 9.60487680e-04  4.83603942e-01  9.60487680e-04  0.00000000e+00 
 9.70487680e-04  4.77742076e-01  9.70487680e-04  0.00000000e+00 
 9.80487680e-04  4.71951263e-01  9.80487680e-04  0.00000000e+00 
 9.90487680e-04  4.66230642e-01  9.90487680e-04  0.00000000e+00 
 1.00048768e-03  4.60579361e-01  1.00048768e-03  0.00000000e+00 
 1.01048768e-03  4.54996581e-01  1.01048768e-03  0.00000000e+00 
 1.02048768e-03  4.49481471e-01  1.02048768e-03  0.00000000e+00 
 1.03048768e-03  4.44033211e-01  1.03048768e-03  0.00000000e+00 
 1.04048768e-03  4.38650990e-01  1.04048768e-03  0.00000000e+00 
 1.05048768e-03  4.33334008e-01  1.05048768e-03  0.00000000e+00 
 1.06048768e-03  4.28081475e-01  1.06048768e-03  0.00000000e+00 
 1.07048768e-03  4.22892608e-01  1.07048768e-03  0.00000000e+00 
 1.08048768e-03  4.17766637e-01  1.08048768e-03  0.00000000e+00 
 1.09048768e-03  4.12702799e-01  1.09048768e-03  0.00000000e+00 
 1.10048768e-03  4.07700341e-01  1.10048768e-03  0.00000000e+00 
 1.11048768e-03  4.02758519e-01  1.11048768e-03  0.00000000e+00 
 1.12048768e-03  3.97876597e-01  1.12048768e-03  0.00000000e+00 
 1.13048768e-03  3.93053851e-01  1.13048768e-03  0.00000000e+00 
 1.14048768e-03  3.88289562e-01  1.14048768e-03  0.00000000e+00 
 1.15048768e-03  3.83583022e-01  1.15048768e-03  0.00000000e+00 
 1.16048768e-03  3.78933530e-01  1.16048768e-03  0.00000000e+00 
 1.17048768e-03  3.74340397e-01  1.17048768e-03  0.00000000e+00 
 1.18048768e-03  3.69802937e-01  1.18048768e-03  0.00000000e+00 
 1.19048768e-03  3.65320477e-01  1.19048768e-03  0.00000000e+00 
 1.20048768e-03  3.60892350e-01  1.20048768e-03  0.00000000e+00 
 1.21048768e-03  3.56517898e-01  1.21048768e-03  0.00000000e+00 
 1.22048768e-03  3.52196469e-01  1.22048768e-03  0.00000000e+00 
 1.23048768e-03  3.47927421e-01  1.23048768e-03  0.00000000e+00 
 1.24048768e-03  3.43710118e-01  1.24048768e-03  0.00000000e+00 
 1.25048768e-03  3.39543935e-01  1.25048768e-03  0.00000000e+00 
 1.26048768e-03  3.35428251e-01  1.26048768e-03  0.00000000e+00 
 1.27048768e-03  3.31362454e-01  1.27048768e-03  0.00000000e+00 
 1.28048768e-03  3.27345940e-01  1.28048768e-03  0.00000000e+00 
 1.29048768e-03  3.23378110e-01  1.29048768e-03  0.00000000e+00 
 1.30048768e-03  3.19458375e-01  1.30048768e-03  0.00000000e+00 
 1.31048768e-03  3.15586153e-01  1.31048768e-03  0.00000000e+00 
 1.32048768e-03  3.11760866e-01  1.32048768e-03  0.00000000e+00 
 1.33048768e-03  3.07981946e-01  1.33048768e-03  0.00000000e+00 
 1.34048768e-03  3.04248832e-01  1.34048768e-03  0.00000000e+00 
 1.35048768e-03  3.00560967e-01  1.35048768e-03  0.00000000e+00 
 1.36048768e-03  2.96917804e-01  1.36048768e-03  0.00000000e+00 
 1.37048768e-03  2.93318800e-01  1.37048768e-03  0.00000000e+00 
 1.38048768e-03  2.89763421e-01  1.38048768e-03  0.00000000e+00 
 1.39048768e-03  2.86251137e-01  1.39048768e-03  0.00000000e+00 
 1.40048768e-03  2.82781426e-01  1.40048768e-03  0.00000000e+00 
 1.41048768e-03  2.79353773e-01  1.41048768e-03  0.00000000e+00 
 1.42048768e-03  2.75967666e-01  1.42048768e-03  0.00000000e+00 
 1.43048768e-03  2.72622604e-01  1.43048768e-03  0.00000000e+00 
 1.44048768e-03  2.69318087e-01  1.44048768e-03  0.00000000e+00 
 1.45048768e-03  2.66053626e-01  1.45048768e-03  0.00000000e+00 
 1.46048768e-03  2.62828733e-01  1.46048768e-03  0.00000000e+00 
 1.47048768e-03  2.59642930e-01  1.47048768e-03  0.00000000e+00 
 1.48048768e-03  2.56495743e-01  1.48048768e-03  0.00000000e+00 
 1.49048768e-03  2.53386704e-01  1.49048768e-03  0.00000000e+00 
 1.50048768e-03  2.50315350e-01  1.50048768e-03  0.00000000e+00 
 1.51048768e-03  2.47281225e-01  1.51048768e-03  0.00000000e+00 
 1.52048768e-03  2.44283876e-01  1.52048768e-03  0.00000000e+00 
 1.53048768e-03  2.41322860e-01  1.53048768e-03  0.00000000e+00 
 1.54048768e-03  2.38397734e-01  1.54048768e-03  0.00000000e+00 
 1.55048768e-03  2.35508065e-01  1.55048768e-03  0.00000000e+00 
 1.56048768e-03  2.32653421e-01  1.56048768e-03  0.00000000e+00 
 1.57048768e-03  2.29833380e-01  1.57048768e-03  0.00000000e+00 
 1.58048768e-03  2.27047521e-01  1.58048768e-03  0.00000000e+00 
 1.59048768e-03  2.24295430e-01  1.59048768e-03  0.00000000e+00 
 1.60048768e-03  2.21576697e-01  1.60048768e-03  0.00000000e+00 
 1.61048768e-03  2.18890919e-01  1.61048768e-03  0.00000000e+00 
 1.62048768e-03  2.16237696e-01  1.62048768e-03  0.00000000e+00 
 1.63048768e-03  2.13616633e-01  1.63048768e-03  0.00000000e+00 
 1.64048768e-03  2.11027340e-01  1.64048768e-03  0.00000000e+00 
 1.65048768e-03  2.08469433e-01  1.65048768e-03  0.00000000e+00 
 1.66048768e-03  2.05942531e-01  1.66048768e-03  0.00000000e+00 
 1.67048768e-03  2.03446258e-01  1.67048768e-03  0.00000000e+00 
 1.68048768e-03  2.00980242e-01  1.68048768e-03  0.00000000e+00 
 1.69048768e-03  1.98544118e-01  1.69048768e-03  0.00000000e+00 
 1.70048768e-03  1.96137523e-01  1.70048768e-03  0.00000000e+00 
 1.71048768e-03  1.93760098e-01  1.71048768e-03  0.00000000e+00 
 1.72048768e-03  1.91411491e-01  1.72048768e-03  0.00000000e+00 
 1.73048768e-03  1.89091352e-01  1.73048768e-03  0.00000000e+00 
 1.74048768e-03  1.86799336e-01  1.74048768e-03  0.00000000e+00 
 1.75048768e-03  1.84535101e-01  1.75048768e-03  0.00000000e+00 
 1.76048768e-03  1.82298312e-01  1.76048768e-03  0.00000000e+00 
 1.77048768e-03  1.80088636e-01  1.77048768e-03  0.00000000e+00 
 1.78048768e-03  1.77905743e-01  1.78048768e-03  0.00000000e+00 
 1.79048768e-03  1.75749310e-01  1.79048768e-03  0.00000000e+00 
 1.80048768e-03  1.73619015e-01  1.80048768e-03  0.00000000e+00 
 1.81048768e-03  1.71514542e-01  1.81048768e-03  0.00000000e+00 
 1.82048768e-03  1.69435578e-01  1.82048768e-03  0.00000000e+00 
 1.83048768e-03  1.67381813e-01  1.83048768e-03  0.00000000e+00 
 1.84048768e-03  1.65352943e-01  1.84048768e-03  0.00000000e+00 
 1.85048768e-03  1.63348665e-01  1.85048768e-03  0.00000000e+00 
 1.86048768e-03  1.61368681e-01  1.86048768e-03  0.00000000e+00 
 1.87048768e-03  1.59412697e-01  1.87048768e-03  0.00000000e+00 
 1.88048768e-03  1.57480422e-01  1.88048768e-03  0.00000000e+00 
 1.89048768e-03  1.55571568e-01  1.89048768e-03  0.00000000e+00 
 1.90048768e-03  1.53685852e-01  1.90048768e-03  0.00000000e+00 
 1.91048768e-03  1.51822994e-01  1.91048768e-03  0.00000000e+00 
 1.92048768e-03  1.49982715e-01  1.92048768e-03  0.00000000e+00 
 1.93048768e-03  1.48164743e-01  1.93048768e-03  0.00000000e+00 
 1.94048768e-03  1.46368806e-01  1.94048768e-03  0.00000000e+00 
 1.95048768e-03  1.44594639e-01  1.95048768e-03  0.00000000e+00 
 1.96048768e-03  1.42841977e-01  1.96048768e-03  0.00000000e+00 
 1.97048768e-03  1.41110559e-01  1.97048768e-03  0.00000000e+00 
 1.98048768e-03  1.39400128e-01  1.98048768e-03  0.00000000e+00 
 1.99048768e-03  1.37710429e-01  1.99048768e-03  0.00000000e+00 
 2.00000000e-03  1.36122147e-01  2.00000000e-03  0.00000000e+00 
