 0.00000000e+00  0.00000000e+00  0.00000000e+00  0.00000000e+00 
 1.00000000e-07  0.00000000e+00  1.00000000e-07  0.00000000e+00 
 2.00000000e-07  0.00000000e+00  2.00000000e-07  0.00000000e+00 
 4.00000000e-07  0.00000000e+00  4.00000000e-07  0.00000000e+00 
 8.00000000e-07  0.00000000e+00  8.00000000e-07  0.00000000e+00 
 1.60000000e-06  0.00000000e+00  1.60000000e-06  0.00000000e+00 
 3.20000000e-06  0.00000000e+00  3.20000000e-06  0.00000000e+00 
 6.40000000e-06  0.00000000e+00  6.40000000e-06  0.00000000e+00 
 1.28000000e-05  0.00000000e+00  1.28000000e-05  0.00000000e+00 
 2.28000000e-05  0.00000000e+00  2.28000000e-05  0.00000000e+00 
 3.28000000e-05  0.00000000e+00  3.28000000e-05  0.00000000e+00 
 4.28000000e-05  0.00000000e+00  4.28000000e-05  0.00000000e+00 
 5.28000000e-05  0.00000000e+00  5.28000000e-05  0.00000000e+00 
 6.28000000e-05  0.00000000e+00  6.28000000e-05  0.00000000e+00 
 7.28000000e-05  0.00000000e+00  7.28000000e-05  0.00000000e+00 
 8.28000000e-05  0.00000000e+00  8.28000000e-05  0.00000000e+00 
 9.28000000e-05  0.00000000e+00  9.28000000e-05  0.00000000e+00 
 1.00000000e-04  0.00000000e+00  1.00000000e-04  0.00000000e+00 
 1.00000100e-04  6.09756023e-08  1.00000100e-04  5.00000000e-01 
 1.00000300e-04  3.04877997e-07  1.00000300e-04  1.50000000e+00 
 1.00000700e-04  1.52438975e-06  1.00000700e-04  3.50000000e+00 
 1.00001000e-04  3.07926695e-06  1.00001000e-04  5.00000000e+00 
 1.00001050e-04  3.38228559e-06  1.00001050e-04  5.00000000e+00 
 1.00001149e-04  3.98832281e-06  1.00001149e-04  5.00000000e+00 
 1.00001348e-04  5.20039705e-06  1.00001348e-04  5.00000000e+00 
 1.00001745e-04  7.62454465e-06  1.00001745e-04  5.00000000e+00 
 1.00002541e-04  1.24728363e-05  1.00002541e-04  5.00000000e+00 
 1.00004131e-04  2.21694055e-05  1.00004131e-04  5.00000000e+00 
 1.00007311e-04  4.15624876e-05  1.00007311e-04  5.00000000e+00 
 1.00013672e-04  8.03484260e-05  1.00013672e-04  5.00000000e+00 
 1.00026394e-04  1.57919400e-04  1.00026394e-04  5.00000000e+00 
 1.00051838e-04  3.13057738e-04  1.00051838e-04  5.00000000e+00 
 1.00102726e-04  6.23319973e-04  1.00102726e-04  5.00000000e+00 
 1.00204501e-04  1.24378668e-03  1.00204501e-04  5.00000000e+00 
 1.00408052e-04  2.48448910e-03  1.00408052e-04  5.00000000e+00 
 1.00815155e-04  4.96497022e-03  1.00815155e-04  5.00000000e+00 
 1.01629359e-04  9.92223987e-03  1.01629359e-04  5.00000000e+00 
 1.03257768e-04  1.98220271e-02  1.03257768e-04  5.00000000e+00 
 1.06514585e-04  3.95627396e-02  1.06514585e-04  5.00000000e+00 
 1.13028220e-04  7.88098808e-02  1.13028220e-04  5.00000000e+00 
 1.23028220e-04  1.38460670e-01  1.23028220e-04  5.00000000e+00 
 1.33028220e-04  1.97388420e-01  1.33028220e-04  5.00000000e+00 
 1.43028220e-04  2.55601893e-01  1.43028220e-04  5.00000000e+00 
 1.53028220e-04  3.13109749e-01  1.53028220e-04  5.00000000e+00 
 1.63028220e-04  3.69920540e-01  1.63028220e-04  5.00000000e+00 
 1.73028220e-04  4.26042715e-01  1.73028220e-04  5.00000000e+00 
 1.83028220e-04  4.81484622e-01  1.83028220e-04  5.00000000e+00 
 1.93028220e-04  5.36254505e-01  1.93028220e-04  5.00000000e+00 
 2.03028220e-04  5.90360511e-01  2.03028220e-04  5.00000000e+00 
 2.13028220e-04  6.43810687e-01  2.13028220e-04  5.00000000e+00 
 2.23028220e-04  6.96612981e-01  2.23028220e-04  5.00000000e+00 
 2.33028220e-04  7.48775248e-01  2.33028220e-04  5.00000000e+00 
 2.43028220e-04  8.00305245e-01  2.43028220e-04  5.00000000e+00 
 2.53028220e-04  8.51210636e-01  2.53028220e-04  5.00000000e+00 
 2.63028220e-04  9.01498992e-01  2.63028220e-04  5.00000000e+00 
 2.73028220e-04  9.51177792e-01  2.73028220e-04  5.00000000e+00 
 2.83028220e-04  1.00025443e+00  2.83028220e-04  5.00000000e+00 
 2.93028220e-04  1.04873619e+00  2.93028220e-04  5.00000000e+00 
 3.03028220e-04  1.09663030e+00  3.03028220e-04  5.00000000e+00 
 3.13028220e-04  1.14394387e+00  3.13028220e-04  5.00000000e+00 
 3.23028220e-04  1.19068394e+00  3.23028220e-04  5.00000000e+00 
 3.33028220e-04  1.23685747e+00  3.33028220e-04  5.00000000e+00 
 3.43028220e-04  1.28247132e+00  3.43028220e-04  5.00000000e+00 
 3.53028220e-04  1.32753227e+00  3.53028220e-04  5.00000000e+00 
 3.63028220e-04  1.37204703e+00  3.63028220e-04  5.00000000e+00 
 3.73028220e-04  1.41602222e+00  3.73028220e-04  5.00000000e+00 
 3.83028220e-04  1.45946438e+00  3.83028220e-04  5.00000000e+00 
 3.93028220e-04  1.50237996e+00  3.93028220e-04  5.00000000e+00 
 4.03028220e-04  1.54477535e+00  4.03028220e-04  5.00000000e+00 
 4.13028220e-04  1.58665686e+00  4.13028220e-04  5.00000000e+00 
 4.23028220e-04  1.62803072e+00  4.23028220e-04  5.00000000e+00 
 4.33028220e-04  1.66890308e+00  4.33028220e-04  5.00000000e+00 
 4.43028220e-04  1.70928001e+00  4.43028220e-04  5.00000000e+00 
 4.53028220e-04  1.74916752e+00  4.53028220e-04  5.00000000e+00 
 4.63028220e-04  1.78857155e+00  4.63028220e-04  5.00000000e+00 
 4.73028220e-04  1.82749796e+00  4.73028220e-04  5.00000000e+00 
 4.83028220e-04  1.86595253e+00  4.83028220e-04  5.00000000e+00 
 4.93028220e-04  1.90394098e+00  4.93028220e-04  5.00000000e+00 
 5.03028220e-04  1.94146897e+00  5.03028220e-04  5.00000000e+00 
 5.13028220e-04  1.97854207e+00  5.13028220e-04  5.00000000e+00 
 5.23028220e-04  2.01516581e+00  5.23028220e-04  5.00000000e+00 
 5.33028220e-04  2.05134562e+00  5.33028220e-04  5.00000000e+00 
 5.43028220e-04  2.08708688e+00  5.43028220e-04  5.00000000e+00 
 5.53028220e-04  2.12239492e+00  5.53028220e-04  5.00000000e+00 
 5.63028220e-04  2.15727498e+00  5.63028220e-04  5.00000000e+00 
 5.73028220e-04  2.19173225e+00  5.73028220e-04  5.00000000e+00 
 5.83028220e-04  2.22577186e+00  5.83028220e-04  5.00000000e+00 
 5.93028220e-04  2.25939887e+00  5.93028220e-04  5.00000000e+00 
 6.03028220e-04  2.29261828e+00  6.03028220e-04  5.00000000e+00 
 6.13028220e-04  2.32543503e+00  6.13028220e-04  5.00000000e+00 
 6.23028220e-04  2.35785400e+00  6.23028220e-04  5.00000000e+00 
 6.33028220e-04  2.38988001e+00  6.33028220e-04  5.00000000e+00 
 6.43028220e-04  2.42151783e+00  6.43028220e-04  5.00000000e+00 
 6.53028220e-04  2.45277215e+00  6.53028220e-04  5.00000000e+00 
 6.63028220e-04  2.48364764e+00  6.63028220e-04  5.00000000e+00 
 6.73028220e-04  2.51414888e+00  6.73028220e-04  5.00000000e+00 
 6.83028220e-04  2.54428041e+00  6.83028220e-04  5.00000000e+00 
 6.93028220e-04  2.57404671e+00  6.93028220e-04  5.00000000e+00 
 7.03028220e-04  2.60345221e+00  7.03028220e-04  5.00000000e+00 
 7.13028220e-04  2.63250127e+00  7.13028220e-04  5.00000000e+00 
 7.23028220e-04  2.66119822e+00  7.23028220e-04  5.00000000e+00 
 7.33028220e-04  2.68954734e+00  7.33028220e-04  5.00000000e+00 
 7.43028220e-04  2.71755282e+00  7.43028220e-04  5.00000000e+00 
 7.53028220e-04  2.74521885e+00  7.53028220e-04  5.00000000e+00 
 7.63028220e-04  2.77254953e+00  7.63028220e-04  5.00000000e+00 
 7.73028220e-04  2.79954893e+00  7.73028220e-04  5.00000000e+00 
 7.83028220e-04  2.82622106e+00  7.83028220e-04  5.00000000e+00 
 7.93028220e-04  2.85256990e+00  7.93028220e-04  5.00000000e+00 
 8.03028220e-04  2.87859936e+00  8.03028220e-04  5.00000000e+00 
 8.13028220e-04  2.90431330e+00  8.13028220e-04  5.00000000e+00 
 8.23028220e-04  2.92971557e+00  8.23028220e-04  5.00000000e+00 
 8.33028220e-04  2.95480992e+00  8.33028220e-04  5.00000000e+00 
 8.43028220e-04  2.97960011e+00  8.43028220e-04  5.00000000e+00 
 8.53028220e-04  3.00408980e+00  8.53028220e-04  5.00000000e+00 
 8.63028220e-04  3.02828265e+00  8.63028220e-04  5.00000000e+00 
 8.73028220e-04  3.05218226e+00  8.73028220e-04  5.00000000e+00 
 8.83028220e-04  3.07579217e+00  8.83028220e-04  5.00000000e+00 
 8.93028220e-04  3.09911590e+00  8.93028220e-04  5.00000000e+00 
 9.00001000e-04  3.11521143e+00  9.00001000e-04  5.00000000e+00 
 9.01001000e-04  3.11141701e+00  9.01001000e-04  0.00000000e+00 
 9.03001000e-04  3.10383744e+00  9.03001000e-04  0.00000000e+00 
 9.07001000e-04  3.08873360e+00  9.07001000e-04  0.00000000e+00 
 9.15001000e-04  3.05874590e+00  9.15001000e-04  0.00000000e+00 
 9.25001000e-04  3.02167019e+00  9.25001000e-04  0.00000000e+00 
 9.35001000e-04  2.98504389e+00  9.35001000e-04  0.00000000e+00 
 9.45001000e-04  2.94886154e+00  9.45001000e-04  0.00000000e+00 
 9.55001000e-04  2.91311776e+00  9.55001000e-04  0.00000000e+00 
 9.65001000e-04  2.87780724e+00  9.65001000e-04  0.00000000e+00 
 9.75001000e-04  2.84292473e+00  9.75001000e-04  0.00000000e+00 
 9.85001000e-04  2.80846504e+00  9.85001000e-04  0.00000000e+00 
 9.95001000e-04  2.77442304e+00  9.95001000e-04  0.00000000e+00 
 1.00500100e-03  2.74079367e+00  1.00500100e-03  0.00000000e+00 
 1.01500100e-03  2.70757192e+00  1.01500100e-03  0.00000000e+00 
 1.02500100e-03  2.67475287e+00  1.02500100e-03  0.00000000e+00 
 1.03500100e-03  2.64233162e+00  1.03500100e-03  0.00000000e+00 
 1.04500100e-03  2.61030336e+00  1.04500100e-03  0.00000000e+00 
 1.05500100e-03  2.57866332e+00  1.05500100e-03  0.00000000e+00 
 1.06500100e-03  2.54740680e+00  1.06500100e-03  0.00000000e+00 
 1.07500100e-03  2.51652914e+00  1.07500100e-03  0.00000000e+00 
 1.08500100e-03  2.48602575e+00  1.08500100e-03  0.00000000e+00 
 1.09500100e-03  2.45589211e+00  1.09500100e-03  0.00000000e+00 
 1.10500100e-03  2.42612372e+00  1.10500100e-03  0.00000000e+00 
 1.11500100e-03  2.39671616e+00  1.11500100e-03  0.00000000e+00 
 1.12500100e-03  2.36766505e+00  1.12500100e-03  0.00000000e+00 
 1.13500100e-03  2.33896608e+00  1.13500100e-03  0.00000000e+00 
 1.14500100e-03  2.31061498e+00  1.14500100e-03  0.00000000e+00 
 1.15500100e-03  2.28260753e+00  1.15500100e-03  0.00000000e+00 
 1.16500100e-03  2.25493956e+00  1.16500100e-03  0.00000000e+00 
 1.17500100e-03  2.22760695e+00  1.17500100e-03  0.00000000e+00 
 1.18500100e-03  2.20060566e+00  1.18500100e-03  0.00000000e+00 
 1.19500100e-03  2.17393165e+00  1.19500100e-03  0.00000000e+00 
 1.20500100e-03  2.14758096e+00  1.20500100e-03  0.00000000e+00 
 1.21500100e-03  2.12154968e+00  1.21500100e-03  0.00000000e+00 
 1.22500100e-03  2.09583393e+00  1.22500100e-03  0.00000000e+00 
 1.23500100e-03  2.07042988e+00  1.23500100e-03  0.00000000e+00 
 1.24500100e-03  2.04533376e+00  1.24500100e-03  0.00000000e+00 
 1.25500100e-03  2.02054183e+00  1.25500100e-03  0.00000000e+00 
 1.26500100e-03  1.99605042e+00  1.26500100e-03  0.00000000e+00 
 1.27500100e-03  1.97185587e+00  1.27500100e-03  0.00000000e+00 
 1.28500100e-03  1.94795458e+00  1.28500100e-03  0.00000000e+00 
 1.29500100e-03  1.92434301e+00  1.29500100e-03  0.00000000e+00 
 1.30500100e-03  1.90101764e+00  1.30500100e-03  0.00000000e+00 
 1.31500100e-03  1.87797501e+00  1.31500100e-03  0.00000000e+00 
 1.32500100e-03  1.85521167e+00  1.32500100e-03  0.00000000e+00 
 1.33500100e-03  1.83272426e+00  1.33500100e-03  0.00000000e+00 
 1.34500100e-03  1.81050942e+00  1.34500100e-03  0.00000000e+00 
 1.35500100e-03  1.78856385e+00  1.35500100e-03  0.00000000e+00 
 1.36500100e-03  1.76688429e+00  1.36500100e-03  0.00000000e+00 
 1.37500100e-03  1.74546751e+00  1.37500100e-03  0.00000000e+00 
 1.38500100e-03  1.72431033e+00  1.38500100e-03  0.00000000e+00 
 1.39500100e-03  1.70340960e+00  1.39500100e-03  0.00000000e+00 
 1.40500100e-03  1.68276221e+00  1.40500100e-03  0.00000000e+00 
 1.41500100e-03  1.66236509e+00  1.41500100e-03  0.00000000e+00 
 1.42500100e-03  1.64221521e+00  1.42500100e-03  0.00000000e+00 
 1.43500100e-03  1.62230957e+00  1.43500100e-03  0.00000000e+00 
 1.44500100e-03  1.60264521e+00  1.44500100e-03  0.00000000e+00 
 1.45500100e-03  1.58321921e+00  1.45500100e-03  0.00000000e+00 
 1.46500100e-03  1.56402867e+00  1.46500100e-03  0.00000000e+00 
 1.47500100e-03  1.54507075e+00  1.47500100e-03  0.00000000e+00 
 1.48500100e-03  1.52634262e+00  1.48500100e-03  0.00000000e+00 
 1.49500100e-03  1.50784150e+00  1.49500100e-03  0.00000000e+00 
 1.50500100e-03  1.48956463e+00  1.50500100e-03  0.00000000e+00 
 1.51500100e-03  1.47150930e+00  1.51500100e-03  0.00000000e+00 
 1.52500100e-03  1.45367282e+00  1.52500100e-03  0.00000000e+00 
 1.53500100e-03  1.43605255e+00  1.53500100e-03  0.00000000e+00 
 1.54500100e-03  1.41864585e+00  1.54500100e-03  0.00000000e+00 
 1.55500100e-03  1.40145014e+00  1.55500100e-03  0.00000000e+00 
 1.56500100e-03  1.38446287e+00  1.56500100e-03  0.00000000e+00 
 1.57500100e-03  1.36768150e+00  1.57500100e-03  0.00000000e+00 
 1.58500100e-03  1.35110354e+00  1.58500100e-03  0.00000000e+00 
 1.59500100e-03  1.33472653e+00  1.59500100e-03  0.00000000e+00 
 1.60500100e-03  1.31854803e+00  1.60500100e-03  0.00000000e+00 
 1.61500100e-03  1.30256563e+00  1.61500100e-03  0.00000000e+00 
 1.62500100e-03  1.28677695e+00  1.62500100e-03  0.00000000e+00 
 1.63500100e-03  1.27117966e+00  1.63500100e-03  0.00000000e+00 
 1.64500100e-03  1.25577142e+00  1.64500100e-03  0.00000000e+00 
 1.65500100e-03  1.24054995e+00  1.65500100e-03  0.00000000e+00 
 1.66500100e-03  1.22551298e+00  1.66500100e-03  0.00000000e+00 
 1.67500100e-03  1.21065827e+00  1.67500100e-03  0.00000000e+00 
 1.68500100e-03  1.19598363e+00  1.68500100e-03  0.00000000e+00 
 1.69500100e-03  1.18148686e+00  1.69500100e-03  0.00000000e+00 
 1.70500100e-03  1.16716580e+00  1.70500100e-03  0.00000000e+00 
 1.71500100e-03  1.15301834e+00  1.71500100e-03  0.00000000e+00 
 1.72500100e-03  1.13904236e+00  1.72500100e-03  0.00000000e+00 
 1.73500100e-03  1.12523579e+00  1.73500100e-03  0.00000000e+00 
 1.74500100e-03  1.11159656e+00  1.74500100e-03  0.00000000e+00 
 1.75500100e-03  1.09812267e+00  1.75500100e-03  0.00000000e+00 
 1.76500100e-03  1.08481209e+00  1.76500100e-03  0.00000000e+00 
 1.77500100e-03  1.07166285e+00  1.77500100e-03  0.00000000e+00 
 1.78500100e-03  1.05867300e+00  1.78500100e-03  0.00000000e+00 
 1.79500100e-03  1.04584060e+00  1.79500100e-03  0.00000000e+00 
 1.80500100e-03  1.03316374e+00  1.80500100e-03  0.00000000e+00 
 1.81500100e-03  1.02064055e+00  1.81500100e-03  0.00000000e+00 
 1.82500100e-03  1.00826915e+00  1.82500100e-03  0.00000000e+00 
 1.83500100e-03  9.96047702e-01  1.83500100e-03  0.00000000e+00 
 1.84500100e-03  9.83974396e-01  1.84500100e-03  0.00000000e+00 
 1.85500100e-03  9.72047434e-01  1.85500100e-03  0.00000000e+00 
 1.86500100e-03  9.60265041e-01  1.86500100e-03  0.00000000e+00 
 1.87500100e-03  9.48625464e-01  1.87500100e-03  0.00000000e+00 
 1.88500100e-03  9.37126974e-01  1.88500100e-03  0.00000000e+00 
 1.89500100e-03  9.25767859e-01  1.89500100e-03  0.00000000e+00 
 1.90500100e-03  9.14546430e-01  1.90500100e-03  0.00000000e+00 
 1.91500100e-03  9.03461019e-01  1.91500100e-03  0.00000000e+00 
 1.92500100e-03  8.92509976e-01  1.92500100e-03  0.00000000e+00 
 1.93500100e-03  8.81691674e-01  1.93500100e-03  0.00000000e+00 
 1.94500100e-03  8.71004502e-01  1.94500100e-03  0.00000000e+00 
 1.95500100e-03  8.60446872e-01  1.95500100e-03  0.00000000e+00 
 1.96500100e-03  8.50017213e-01  1.96500100e-03  0.00000000e+00 
 1.97500100e-03  8.39713974e-01  1.97500100e-03  0.00000000e+00 
 1.98500100e-03  8.29535622e-01  1.98500100e-03  0.00000000e+00 
 1.99500100e-03  8.19480645e-01  1.99500100e-03  0.00000000e+00 
 2.00000000e-03  8.14499993e-01  2.00000000e-03  0.00000000e+00 
