0.000000e+00 0.000000e+00 0.000000e+00 0.000000e+00 
1.000000e-08 0.000000e+00 1.000000e-08 0.000000e+00 
2.000000e-08 0.000000e+00 2.000000e-08 0.000000e+00 
4.000000e-08 0.000000e+00 4.000000e-08 0.000000e+00 
8.000000e-08 0.000000e+00 8.000000e-08 0.000000e+00 
1.600000e-07 0.000000e+00 1.600000e-07 0.000000e+00 
3.200000e-07 0.000000e+00 3.200000e-07 0.000000e+00 
6.400000e-07 0.000000e+00 6.400000e-07 0.000000e+00 
1.280000e-06 0.000000e+00 1.280000e-06 0.000000e+00 
2.280000e-06 0.000000e+00 2.280000e-06 0.000000e+00 
3.000000e-06 0.000000e+00 3.000000e-06 0.000000e+00 
3.000000e-06 1.782531e-16 3.000000e-06 5.000000e-01 
3.000000e-06 1.247772e-15 3.000000e-06 1.500000e+00 
3.000001e-06 1.194296e-14 3.000001e-06 3.500000e+00 
3.000001e-06 3.213012e-14 3.000001e-06 5.000000e+00 
3.000001e-06 3.704378e-14 3.000001e-06 5.000000e+00 
3.000001e-06 4.775152e-14 3.000001e-06 5.000000e+00 
3.000001e-06 7.444956e-14 3.000001e-06 5.000000e+00 
3.000002e-06 1.489759e-13 3.000002e-06 5.000000e+00 
3.000003e-06 3.825496e-13 3.000003e-06 5.000000e+00 
3.000004e-06 1.187781e-12 3.000004e-06 5.000000e+00 
3.000007e-06 4.150579e-12 3.000007e-06 5.000000e+00 
3.000014e-06 1.548550e-11 3.000014e-06 5.000000e+00 
3.000026e-06 5.979260e-11 3.000026e-06 5.000000e+00 
3.000052e-06 2.349551e-10 3.000052e-06 5.000000e+00 
3.000103e-06 9.314688e-10 3.000103e-06 5.000000e+00 
3.000205e-06 3.709212e-09 3.000205e-06 5.000000e+00 
3.000408e-06 1.480325e-08 3.000408e-06 5.000000e+00 
3.000815e-06 5.914306e-08 3.000815e-06 5.000000e+00 
3.001629e-06 2.364098e-07 3.001629e-06 5.000000e+00 
3.003258e-06 9.451329e-07 3.003258e-06 5.000000e+00 
3.006515e-06 3.778069e-06 3.006515e-06 5.000000e+00 
3.013028e-06 1.509577e-05 3.013028e-06 5.000000e+00 
3.026055e-06 6.025763e-05 3.026055e-06 5.000000e+00 
3.052110e-06 2.400437e-04 3.052110e-06 5.000000e+00 
3.104219e-06 9.523716e-04 3.104219e-06 5.000000e+00 
3.208437e-06 3.748142e-03 3.208437e-06 5.000000e+00 
3.416873e-06 1.451788e-02 3.416873e-06 5.000000e+00 
3.833746e-06 5.451349e-02 3.833746e-06 5.000000e+00 
4.667491e-06 1.929592e-01 4.667491e-06 5.000000e+00 
5.667491e-06 4.319930e-01 5.667491e-06 5.000000e+00 
6.667491e-06 7.179604e-01 6.667491e-06 5.000000e+00 
7.667491e-06 1.025762e+00 7.667491e-06 5.000000e+00 
8.667491e-06 1.338650e+00 8.667491e-06 5.000000e+00 
9.667491e-06 1.645727e+00 9.667491e-06 5.000000e+00 
1.066749e-05 1.940165e+00 1.066749e-05 5.000000e+00 
1.166749e-05 2.217948e+00 1.166749e-05 5.000000e+00 
1.266749e-05 2.476981e+00 1.266749e-05 5.000000e+00 
1.366749e-05 2.716462e+00 1.366749e-05 5.000000e+00 
1.466749e-05 2.936444e+00 1.466749e-05 5.000000e+00 
1.566749e-05 3.137528e+00 1.566749e-05 5.000000e+00 
1.666749e-05 3.320645e+00 1.666749e-05 5.000000e+00 
1.766749e-05 3.486917e+00 1.766749e-05 5.000000e+00 
1.866749e-05 3.637552e+00 1.866749e-05 5.000000e+00 
1.966749e-05 3.773778e+00 1.966749e-05 5.000000e+00 
2.066749e-05 3.896802e+00 2.066749e-05 5.000000e+00 
2.166749e-05 4.007782e+00 2.166749e-05 5.000000e+00 
2.266749e-05 4.107811e+00 2.266749e-05 5.000000e+00 
2.366749e-05 4.197908e+00 2.366749e-05 5.000000e+00 
2.466749e-05 4.279015e+00 2.466749e-05 5.000000e+00 
2.566749e-05 4.351998e+00 2.566749e-05 5.000000e+00 
2.666749e-05 4.417649e+00 2.666749e-05 5.000000e+00 
2.766749e-05 4.476688e+00 2.766749e-05 5.000000e+00 
2.866749e-05 4.529770e+00 2.866749e-05 5.000000e+00 
2.966749e-05 4.577488e+00 2.966749e-05 5.000000e+00 
3.066749e-05 4.620378e+00 3.066749e-05 5.000000e+00 
3.166749e-05 4.658924e+00 3.166749e-05 5.000000e+00 
3.266749e-05 4.693564e+00 3.266749e-05 5.000000e+00 
3.366749e-05 4.724691e+00 3.366749e-05 5.000000e+00 
3.466749e-05 4.752660e+00 3.466749e-05 5.000000e+00 
3.566749e-05 4.777790e+00 3.566749e-05 5.000000e+00 
3.666749e-05 4.800369e+00 3.666749e-05 5.000000e+00 
3.766749e-05 4.820655e+00 3.766749e-05 5.000000e+00 
3.866749e-05 4.838881e+00 3.866749e-05 5.000000e+00 
3.966749e-05 4.855255e+00 3.966749e-05 5.000000e+00 
4.066749e-05 4.869966e+00 4.066749e-05 5.000000e+00 
4.166749e-05 4.883182e+00 4.166749e-05 5.000000e+00 
4.266749e-05 4.895054e+00 4.266749e-05 5.000000e+00 
4.366749e-05 4.905721e+00 4.366749e-05 5.000000e+00 
4.466749e-05 4.915303e+00 4.466749e-05 5.000000e+00 
4.566749e-05 4.923912e+00 4.566749e-05 5.000000e+00 
4.666749e-05 4.931646e+00 4.666749e-05 5.000000e+00 
4.766749e-05 4.938593e+00 4.766749e-05 5.000000e+00 
4.866749e-05 4.944835e+00 4.866749e-05 5.000000e+00 
4.966749e-05 4.950442e+00 4.966749e-05 5.000000e+00 
5.066749e-05 4.955479e+00 5.066749e-05 5.000000e+00 
5.166749e-05 4.960004e+00 5.166749e-05 5.000000e+00 
5.266749e-05 4.964070e+00 5.266749e-05 5.000000e+00 
5.300000e-05 4.965327e+00 5.300000e-05 5.000000e+00 
5.310000e-05 4.965694e+00 5.310000e-05 5.000000e+00 
5.330000e-05 4.966421e+00 5.330000e-05 5.000000e+00 
5.370000e-05 4.967829e+00 5.370000e-05 5.000000e+00 
5.450000e-05 4.970472e+00 5.450000e-05 5.000000e+00 
5.550000e-05 4.973473e+00 5.550000e-05 5.000000e+00 
5.650000e-05 4.976170e+00 5.650000e-05 5.000000e+00 
5.750000e-05 4.978592e+00 5.750000e-05 5.000000e+00 
5.850000e-05 4.980768e+00 5.850000e-05 5.000000e+00 
5.950000e-05 4.982723e+00 5.950000e-05 5.000000e+00 
6.050000e-05 4.984479e+00 6.050000e-05 5.000000e+00 
6.150000e-05 4.986056e+00 6.150000e-05 5.000000e+00 
6.250000e-05 4.987474e+00 6.250000e-05 5.000000e+00 
6.350000e-05 4.988747e+00 6.350000e-05 5.000000e+00 
6.450000e-05 4.989891e+00 6.450000e-05 5.000000e+00 
6.550000e-05 4.990918e+00 6.550000e-05 5.000000e+00 
6.650000e-05 4.991841e+00 6.650000e-05 5.000000e+00 
6.750000e-05 4.992671e+00 6.750000e-05 5.000000e+00 
6.850000e-05 4.993416e+00 6.850000e-05 5.000000e+00 
6.950000e-05 4.994085e+00 6.950000e-05 5.000000e+00 
7.050000e-05 4.994686e+00 7.050000e-05 5.000000e+00 
7.150000e-05 4.995226e+00 7.150000e-05 5.000000e+00 
7.250000e-05 4.995712e+00 7.250000e-05 5.000000e+00 
7.350000e-05 4.996147e+00 7.350000e-05 5.000000e+00 
7.450000e-05 4.996539e+00 7.450000e-05 5.000000e+00 
7.550000e-05 4.996891e+00 7.550000e-05 5.000000e+00 
7.650000e-05 4.997207e+00 7.650000e-05 5.000000e+00 
7.750000e-05 4.997491e+00 7.750000e-05 5.000000e+00 
7.850000e-05 4.997746e+00 7.850000e-05 5.000000e+00 
7.950000e-05 4.997975e+00 7.950000e-05 5.000000e+00 
8.050000e-05 4.998181e+00 8.050000e-05 5.000000e+00 
8.150000e-05 4.998366e+00 8.150000e-05 5.000000e+00 
8.250000e-05 4.998532e+00 8.250000e-05 5.000000e+00 
8.350000e-05 4.998681e+00 8.350000e-05 5.000000e+00 
8.450000e-05 4.998815e+00 8.450000e-05 5.000000e+00 
8.550000e-05 4.998936e+00 8.550000e-05 5.000000e+00 
8.650000e-05 4.999044e+00 8.650000e-05 5.000000e+00 
8.750000e-05 4.999141e+00 8.750000e-05 5.000000e+00 
8.850000e-05 4.999228e+00 8.850000e-05 5.000000e+00 
8.950000e-05 4.999307e+00 8.950000e-05 5.000000e+00 
9.050000e-05 4.999377e+00 9.050000e-05 5.000000e+00 
9.150000e-05 4.999440e+00 9.150000e-05 5.000000e+00 
9.250000e-05 4.999497e+00 9.250000e-05 5.000000e+00 
9.350000e-05 4.999548e+00 9.350000e-05 5.000000e+00 
9.450000e-05 4.999594e+00 9.450000e-05 5.000000e+00 
9.550000e-05 4.999636e+00 9.550000e-05 5.000000e+00 
9.650000e-05 4.999673e+00 9.650000e-05 5.000000e+00 
9.750000e-05 4.999706e+00 9.750000e-05 5.000000e+00 
9.850000e-05 4.999736e+00 9.850000e-05 5.000000e+00 
9.950000e-05 4.999763e+00 9.950000e-05 5.000000e+00 
1.000000e-04 4.999775e+00 1.000000e-04 5.000000e+00 
