0.000000e+00 0.000000e+00 0.000000e+00 0.000000e+00 
3.000000e-08 0.000000e+00 3.000000e-08 0.000000e+00 
6.000000e-08 0.000000e+00 6.000000e-08 0.000000e+00 
1.200000e-07 0.000000e+00 1.200000e-07 0.000000e+00 
2.400000e-07 0.000000e+00 2.400000e-07 0.000000e+00 
4.800000e-07 0.000000e+00 4.800000e-07 0.000000e+00 
9.600000e-07 0.000000e+00 9.600000e-07 0.000000e+00 
1.920000e-06 0.000000e+00 1.920000e-06 0.000000e+00 
3.000000e-06 0.000000e+00 3.000000e-06 0.000000e+00 
3.000000e-06 1.782531e-16 3.000000e-06 5.000000e-01 
3.000000e-06 1.247772e-15 3.000000e-06 1.500000e+00 
3.000001e-06 1.194295e-14 3.000001e-06 3.500000e+00 
3.000001e-06 3.213011e-14 3.000001e-06 5.000000e+00 
3.000001e-06 3.704376e-14 3.000001e-06 5.000000e+00 
3.000001e-06 4.775150e-14 3.000001e-06 5.000000e+00 
3.000001e-06 7.444954e-14 3.000001e-06 5.000000e+00 
3.000002e-06 1.489759e-13 3.000002e-06 5.000000e+00 
3.000003e-06 3.825495e-13 3.000003e-06 5.000000e+00 
3.000004e-06 1.187780e-12 3.000004e-06 5.000000e+00 
3.000007e-06 4.150569e-12 3.000007e-06 5.000000e+00 
3.000014e-06 1.548542e-11 3.000014e-06 5.000000e+00 
3.000026e-06 5.979196e-11 3.000026e-06 5.000000e+00 
3.000052e-06 2.349501e-10 3.000052e-06 5.000000e+00 
3.000103e-06 9.314286e-10 3.000103e-06 5.000000e+00 
3.000205e-06 3.708890e-09 3.000205e-06 5.000000e+00 
3.000408e-06 1.480067e-08 3.000408e-06 5.000000e+00 
3.000815e-06 5.912245e-08 3.000815e-06 5.000000e+00 
3.001629e-06 2.362450e-07 3.001629e-06 5.000000e+00 
3.003258e-06 9.438160e-07 3.003258e-06 5.000000e+00 
3.006515e-06 3.767556e-06 3.006515e-06 5.000000e+00 
3.013028e-06 1.501200e-05 3.013028e-06 5.000000e+00 
3.026055e-06 5.959290e-05 3.026055e-06 5.000000e+00 
3.052110e-06 2.348106e-04 3.052110e-06 5.000000e+00 
3.104219e-06 9.118152e-04 3.104219e-06 5.000000e+00 
3.208437e-06 3.443222e-03 3.208437e-06 5.000000e+00 
3.416874e-06 1.235199e-02 3.416874e-06 5.000000e+00 
3.787027e-06 3.700323e-02 3.787027e-06 5.000000e+00 
4.354842e-06 8.705504e-02 4.354842e-06 5.000000e+00 
5.101247e-06 1.620415e-01 5.101247e-06 5.000000e+00 
6.046379e-06 2.602926e-01 6.046379e-06 5.000000e+00 
7.374120e-06 3.967251e-01 7.374120e-06 5.000000e+00 
9.540510e-06 6.113490e-01 9.540510e-06 5.000000e+00 
1.387329e-05 1.011239e+00 1.387329e-05 5.000000e+00 
2.253885e-05 1.706477e+00 2.253885e-05 5.000000e+00 
3.253885e-05 2.360160e+00 3.253885e-05 5.000000e+00 
4.253885e-05 2.884106e+00 4.253885e-05 5.000000e+00 
5.253885e-05 3.304059e+00 5.253885e-05 5.000000e+00 
5.300000e-05 3.321205e+00 5.300000e-05 5.000000e+00 
5.392231e-05 3.354643e+00 5.392231e-05 5.000000e+00 
5.576691e-05 3.420186e+00 5.576691e-05 5.000000e+00 
5.945613e-05 3.543591e+00 5.945613e-05 5.000000e+00 
6.683456e-05 3.762571e+00 6.683456e-05 5.000000e+00 
7.683456e-05 4.008171e+00 7.683456e-05 5.000000e+00 
8.683456e-05 4.205025e+00 8.683456e-05 5.000000e+00 
9.683456e-05 4.362808e+00 9.683456e-05 5.000000e+00 
1.030000e-04 4.443865e+00 1.030000e-04 5.000000e+00 
1.040000e-04 4.455855e+00 1.040000e-04 5.000000e+00 
1.060000e-04 4.479318e+00 1.060000e-04 5.000000e+00 
1.100000e-04 4.523272e+00 1.100000e-04 5.000000e+00 
1.180000e-04 4.600500e+00 1.180000e-04 5.000000e+00 
1.280000e-04 4.679791e+00 1.280000e-04 5.000000e+00 
1.380000e-04 4.743345e+00 1.380000e-04 5.000000e+00 
1.480000e-04 4.794285e+00 1.480000e-04 5.000000e+00 
1.530000e-04 4.815765e+00 1.530000e-04 5.000000e+00 
1.540000e-04 4.819737e+00 1.540000e-04 5.000000e+00 
1.560000e-04 4.827510e+00 1.560000e-04 5.000000e+00 
1.600000e-04 4.842071e+00 1.600000e-04 5.000000e+00 
1.680000e-04 4.867655e+00 1.680000e-04 5.000000e+00 
1.780000e-04 4.893922e+00 1.780000e-04 5.000000e+00 
1.880000e-04 4.914976e+00 1.880000e-04 5.000000e+00 
1.980000e-04 4.931851e+00 1.980000e-04 5.000000e+00 
2.030000e-04 4.938967e+00 2.030000e-04 5.000000e+00 
2.040000e-04 4.940283e+00 2.040000e-04 5.000000e+00 
2.060000e-04 4.942858e+00 2.060000e-04 5.000000e+00 
2.100000e-04 4.947682e+00 2.100000e-04 5.000000e+00 
2.180000e-04 4.956157e+00 2.180000e-04 5.000000e+00 
2.280000e-04 4.964859e+00 2.280000e-04 5.000000e+00 
2.380000e-04 4.971834e+00 2.380000e-04 5.000000e+00 
2.480000e-04 4.977424e+00 2.480000e-04 5.000000e+00 
2.530000e-04 4.979781e+00 2.530000e-04 5.000000e+00 
2.540000e-04 4.980217e+00 2.540000e-04 5.000000e+00 
2.560000e-04 4.981070e+00 2.560000e-04 5.000000e+00 
2.600000e-04 4.982668e+00 2.600000e-04 5.000000e+00 
2.680000e-04 4.985476e+00 2.680000e-04 5.000000e+00 
2.780000e-04 4.988359e+00 2.780000e-04 5.000000e+00 
2.880000e-04 4.990669e+00 2.880000e-04 5.000000e+00 
2.980000e-04 4.992521e+00 2.980000e-04 5.000000e+00 
3.030000e-04 4.993302e+00 3.030000e-04 5.000000e+00 
3.040000e-04 4.993446e+00 3.040000e-04 5.000000e+00 
3.060000e-04 4.993729e+00 3.060000e-04 5.000000e+00 
3.100000e-04 4.994258e+00 3.100000e-04 5.000000e+00 
3.180000e-04 4.995188e+00 3.180000e-04 5.000000e+00 
3.280000e-04 4.996143e+00 3.280000e-04 5.000000e+00 
3.380000e-04 4.996909e+00 3.380000e-04 5.000000e+00 
3.480000e-04 4.997522e+00 3.480000e-04 5.000000e+00 
3.530000e-04 4.997781e+00 3.530000e-04 5.000000e+00 
3.540000e-04 4.997829e+00 3.540000e-04 5.000000e+00 
3.560000e-04 4.997923e+00 3.560000e-04 5.000000e+00 
3.600000e-04 4.998098e+00 3.600000e-04 5.000000e+00 
3.680000e-04 4.998406e+00 3.680000e-04 5.000000e+00 
3.780000e-04 4.998722e+00 3.780000e-04 5.000000e+00 
3.880000e-04 4.998976e+00 3.880000e-04 5.000000e+00 
3.980000e-04 4.999179e+00 3.980000e-04 5.000000e+00 
4.030000e-04 4.999265e+00 4.030000e-04 5.000000e+00 
4.040000e-04 4.999281e+00 4.040000e-04 5.000000e+00 
4.060000e-04 4.999312e+00 4.060000e-04 5.000000e+00 
4.100000e-04 4.999370e+00 4.100000e-04 5.000000e+00 
4.180000e-04 4.999472e+00 4.180000e-04 5.000000e+00 
4.280000e-04 4.999577e+00 4.280000e-04 5.000000e+00 
4.380000e-04 4.999661e+00 4.380000e-04 5.000000e+00 
4.480000e-04 4.999728e+00 4.480000e-04 5.000000e+00 
4.530000e-04 4.999756e+00 4.530000e-04 5.000000e+00 
4.540000e-04 4.999762e+00 4.540000e-04 5.000000e+00 
4.560000e-04 4.999772e+00 4.560000e-04 5.000000e+00 
4.600000e-04 4.999791e+00 4.600000e-04 5.000000e+00 
4.680000e-04 4.999825e+00 4.680000e-04 5.000000e+00 
4.780000e-04 4.999860e+00 4.780000e-04 5.000000e+00 
4.880000e-04 4.999888e+00 4.880000e-04 5.000000e+00 
4.980000e-04 4.999910e+00 4.980000e-04 5.000000e+00 
5.000000e-04 4.999914e+00 5.000000e-04 5.000000e+00 
