 0.00000000e+00  0.00000000e+00  0.00000000e+00  0.00000000e+00 
 1.00000000e-11  1.78253084e-13  1.00000000e-11  5.00000000e-02 
 1.08400001e-11  1.94589750e-13  1.08400001e-11  5.42000006e-02 
 1.25200003e-11  2.30201196e-13  1.25200003e-11  6.26000017e-02 
 1.58800008e-11  3.21588403e-13  1.58800008e-11  7.94000039e-02 
 2.26000017e-11  6.10376397e-13  2.26000017e-11  1.13000008e-01 
 3.60400035e-11  1.81485725e-12  3.60400035e-11  1.80200017e-01 
 6.29200071e-11  8.35424231e-12  6.29200071e-11  3.14600035e-01 
 1.16680014e-10  5.09371293e-11  1.16680014e-10  5.83400071e-01 
 2.24200029e-10  3.57978632e-10  2.24200029e-10  1.12100014e+00 
 4.39240057e-10  2.69043663e-09  4.39240057e-10  2.19620029e+00 
 8.69320115e-10  2.08757971e-08  8.69320115e-10  4.34660057e+00 
 1.00000000e-09  3.11013654e-08  1.00000000e-09  5.00000000e+00 
 1.08601601e-09  4.00872306e-08  1.08601601e-09  5.00000000e+00 
 1.25804803e-09  6.06966276e-08  1.25804803e-09  5.00000000e+00 
 1.60211208e-09  1.17741367e-07  1.60211208e-09  5.00000000e+00 
 2.29024017e-09  2.95134078e-07  2.29024017e-09  5.00000000e+00 
 3.66649636e-09  9.03128065e-07  3.66649636e-09  5.00000000e+00 
 6.41900872e-09  3.13191523e-06  6.41900872e-09  5.00000000e+00 
 1.19240335e-08  1.16404043e-05  1.19240335e-08  5.00000000e+00 
 2.29340829e-08  4.48587605e-05  2.29340829e-08  5.00000000e+00 
 4.49541819e-08  1.76082351e-04  4.49541819e-08  5.00000000e+00 
 8.89943797e-08  6.97521749e-04  8.89943797e-08  5.00000000e+00 
 1.38994380e-07  1.70776306e-03  1.38994380e-07  5.00000000e+00 
 1.88994380e-07  3.16224270e-03  1.88994380e-07  5.00000000e+00 
 2.38994380e-07  5.06038710e-03  2.38994380e-07  5.00000000e+00 
 2.88994380e-07  7.40158375e-03  2.88994380e-07  5.00000000e+00 
 3.38994380e-07  1.01851813e-02  3.38994380e-07  5.00000000e+00 
 3.88994380e-07  1.34104895e-02  3.88994380e-07  5.00000000e+00 
 4.38994380e-07  1.70767797e-02  4.38994380e-07  5.00000000e+00 
 4.88994380e-07  2.11832845e-02  4.88994380e-07  5.00000000e+00 
 5.38994380e-07  2.57291981e-02  5.38994380e-07  5.00000000e+00 
 5.88994380e-07  3.07136763e-02  5.88994380e-07  5.00000000e+00 
 6.38994380e-07  3.61358369e-02  6.38994380e-07  5.00000000e+00 
 6.88994380e-07  4.19947594e-02  6.88994380e-07  5.00000000e+00 
 7.38994380e-07  4.82894852e-02  7.38994380e-07  5.00000000e+00 
 7.88994380e-07  5.50190182e-02  7.88994380e-07  5.00000000e+00 
 8.38994380e-07  6.21823242e-02  8.38994380e-07  5.00000000e+00 
 8.88994380e-07  6.97783317e-02  8.88994380e-07  5.00000000e+00 
 9.38994380e-07  7.78059314e-02  9.38994380e-07  5.00000000e+00 
 9.88994380e-07  8.62639769e-02  9.88994380e-07  5.00000000e+00 
 1.03899438e-06  9.51512846e-02  1.03899438e-06  5.00000000e+00 
 1.08899438e-06  1.04466634e-01  1.08899438e-06  5.00000000e+00 
 1.13899438e-06  1.14208767e-01  1.13899438e-06  5.00000000e+00 
 1.18899438e-06  1.24376389e-01  1.18899438e-06  5.00000000e+00 
 1.23899438e-06  1.34968170e-01  1.23899438e-06  5.00000000e+00 
 1.28899438e-06  1.45982741e-01  1.28899438e-06  5.00000000e+00 
 1.33899438e-06  1.57418700e-01  1.33899438e-06  5.00000000e+00 
 1.38899438e-06  1.69274606e-01  1.38899438e-06  5.00000000e+00 
 1.43899438e-06  1.81548984e-01  1.43899438e-06  5.00000000e+00 
 1.48899438e-06  1.94240321e-01  1.48899438e-06  5.00000000e+00 
 1.53899438e-06  2.07347071e-01  1.53899438e-06  5.00000000e+00 
 1.58899438e-06  2.20867651e-01  1.58899438e-06  5.00000000e+00 
 1.63899438e-06  2.34800443e-01  1.63899438e-06  5.00000000e+00 
 1.68899438e-06  2.49143793e-01  1.68899438e-06  5.00000000e+00 
 1.73899438e-06  2.63896013e-01  1.73899438e-06  5.00000000e+00 
 1.78899438e-06  2.79055382e-01  1.78899438e-06  5.00000000e+00 
 1.83899438e-06  2.94620141e-01  1.83899438e-06  5.00000000e+00 
 1.88899438e-06  3.10588499e-01  1.88899438e-06  5.00000000e+00 
 1.93899438e-06  3.26958629e-01  1.93899438e-06  5.00000000e+00 
 1.98899438e-06  3.43728673e-01  1.98899438e-06  5.00000000e+00 
 2.03899438e-06  3.60896736e-01  2.03899438e-06  5.00000000e+00 
 2.08899438e-06  3.78460892e-01  2.08899438e-06  5.00000000e+00 
 2.13899438e-06  3.96419180e-01  2.13899438e-06  5.00000000e+00 
 2.18899438e-06  4.14769605e-01  2.18899438e-06  5.00000000e+00 
 2.23899438e-06  4.33510143e-01  2.23899438e-06  5.00000000e+00 
 2.28899438e-06  4.52638732e-01  2.28899438e-06  5.00000000e+00 
 2.33899438e-06  4.72153283e-01  2.33899438e-06  5.00000000e+00 
 2.38899438e-06  4.92051669e-01  2.38899438e-06  5.00000000e+00 
 2.43899438e-06  5.12331736e-01  2.43899438e-06  5.00000000e+00 
 2.48899438e-06  5.32991295e-01  2.48899438e-06  5.00000000e+00 
 2.53899438e-06  5.54028127e-01  2.53899438e-06  5.00000000e+00 
 2.58899438e-06  5.75439979e-01  2.58899438e-06  5.00000000e+00 
 2.63899438e-06  5.97224572e-01  2.63899438e-06  5.00000000e+00 
 2.68899438e-06  6.19379590e-01  2.68899438e-06  5.00000000e+00 
 2.73899438e-06  6.41902691e-01  2.73899438e-06  5.00000000e+00 
 2.78899438e-06  6.64791500e-01  2.78899438e-06  5.00000000e+00 
 2.83899438e-06  6.88043612e-01  2.83899438e-06  5.00000000e+00 
 2.88899438e-06  7.11656594e-01  2.88899438e-06  5.00000000e+00 
 2.93899438e-06  7.35627981e-01  2.93899438e-06  5.00000000e+00 
 2.98899438e-06  7.59955279e-01  2.98899438e-06  5.00000000e+00 
 3.03899438e-06  7.84635967e-01  3.03899438e-06  5.00000000e+00 
 3.08899438e-06  8.09667491e-01  3.08899438e-06  5.00000000e+00 
 3.13899438e-06  8.35047272e-01  3.13899438e-06  5.00000000e+00 
 3.18899438e-06  8.60772700e-01  3.18899438e-06  5.00000000e+00 
 3.23899438e-06  8.86841139e-01  3.23899438e-06  5.00000000e+00 
 3.28899438e-06  9.13249923e-01  3.28899438e-06  5.00000000e+00 
 3.33899438e-06  9.39996360e-01  3.33899438e-06  5.00000000e+00 
 3.38899438e-06  9.67077730e-01  3.38899438e-06  5.00000000e+00 
 3.43899438e-06  9.94491285e-01  3.43899438e-06  5.00000000e+00 
 3.48899438e-06  1.02223425e+00  3.48899438e-06  5.00000000e+00 
 3.53899438e-06  1.05030383e+00  3.53899438e-06  5.00000000e+00 
 3.58899438e-06  1.07869719e+00  3.58899438e-06  5.00000000e+00 
 3.63899438e-06  1.10741149e+00  3.63899438e-06  5.00000000e+00 
 3.68899438e-06  1.13644383e+00  3.68899438e-06  5.00000000e+00 
 3.73899438e-06  1.16579133e+00  3.73899438e-06  5.00000000e+00 
 3.78899438e-06  1.19545104e+00  3.78899438e-06  5.00000000e+00 
 3.83899438e-06  1.22542002e+00  3.83899438e-06  5.00000000e+00 
 3.88899438e-06  1.25569529e+00  3.88899438e-06  5.00000000e+00 
 3.93899438e-06  1.28627384e+00  3.93899438e-06  5.00000000e+00 
 3.98899438e-06  1.31715264e+00  3.98899438e-06  5.00000000e+00 
 4.03899438e-06  1.34832865e+00  4.03899438e-06  5.00000000e+00 
 4.08899438e-06  1.37979879e+00  4.08899438e-06  5.00000000e+00 
 4.10100000e-06  1.38739867e+00  4.10100000e-06  5.00000000e+00 
 4.10110000e-06  1.38746204e+00  4.10110000e-06  4.50000000e+00 
 4.10130000e-06  1.38758879e+00  4.10130000e-06  3.50000000e+00 
 4.10170000e-06  1.38784229e+00  4.10170000e-06  1.50000000e+00 
 4.10200000e-06  1.38803242e+00  4.10200000e-06  0.00000000e+00 
 4.10208000e-06  1.38808312e+00  4.10208000e-06  0.00000000e+00 
 4.10224000e-06  1.38818452e+00  4.10224000e-06  0.00000000e+00 
 4.10256000e-06  1.38838731e+00  4.10256000e-06  0.00000000e+00 
 4.10320000e-06  1.38879288e+00  4.10320000e-06  0.00000000e+00 
 4.10448000e-06  1.38960393e+00  4.10448000e-06  0.00000000e+00 
 4.10704000e-06  1.39122573e+00  4.10704000e-06  0.00000000e+00 
 4.11216000e-06  1.39446812e+00  4.11216000e-06  0.00000000e+00 
 4.12240000e-06  1.40094797e+00  4.12240000e-06  0.00000000e+00 
 4.14288000e-06  1.41388795e+00  4.14288000e-06  0.00000000e+00 
 4.18384000e-06  1.43968833e+00  4.18384000e-06  0.00000000e+00 
 4.23384000e-06  1.47103741e+00  4.23384000e-06  0.00000000e+00 
 4.28384000e-06  1.50222412e+00  4.28384000e-06  0.00000000e+00 
 4.33384000e-06  1.53324585e+00  4.33384000e-06  0.00000000e+00 
 4.38384000e-06  1.56409998e+00  4.38384000e-06  0.00000000e+00 
 4.43384000e-06  1.59478395e+00  4.43384000e-06  0.00000000e+00 
 4.48384000e-06  1.62529519e+00  4.48384000e-06  0.00000000e+00 
 4.53384000e-06  1.65563115e+00  4.53384000e-06  0.00000000e+00 
 4.58384000e-06  1.68578931e+00  4.58384000e-06  0.00000000e+00 
 4.63384000e-06  1.71576715e+00  4.63384000e-06  0.00000000e+00 
 4.68384000e-06  1.74556219e+00  4.68384000e-06  0.00000000e+00 
 4.73384000e-06  1.77517196e+00  4.73384000e-06  0.00000000e+00 
 4.78384000e-06  1.80459400e+00  4.78384000e-06  0.00000000e+00 
 4.83384000e-06  1.83382588e+00  4.83384000e-06  0.00000000e+00 
 4.88384000e-06  1.86286519e+00  4.88384000e-06  0.00000000e+00 
 4.93384000e-06  1.89170952e+00  4.93384000e-06  0.00000000e+00 
 4.98384000e-06  1.92035652e+00  4.98384000e-06  0.00000000e+00 
 5.03384000e-06  1.94880382e+00  5.03384000e-06  0.00000000e+00 
 5.08384000e-06  1.97704908e+00  5.08384000e-06  0.00000000e+00 
 5.13384000e-06  2.00509000e+00  5.13384000e-06  0.00000000e+00 
 5.18384000e-06  2.03292428e+00  5.18384000e-06  0.00000000e+00 
 5.23384000e-06  2.06054965e+00  5.23384000e-06  0.00000000e+00 
 5.28384000e-06  2.08796385e+00  5.28384000e-06  0.00000000e+00 
 5.33384000e-06  2.11516466e+00  5.33384000e-06  0.00000000e+00 
 5.38384000e-06  2.14214986e+00  5.38384000e-06  0.00000000e+00 
 5.43384000e-06  2.16891727e+00  5.43384000e-06  0.00000000e+00 
 5.48384000e-06  2.19546471e+00  5.48384000e-06  0.00000000e+00 
 5.53384000e-06  2.22179006e+00  5.53384000e-06  0.00000000e+00 
 5.58384000e-06  2.24789117e+00  5.58384000e-06  0.00000000e+00 
 5.63384000e-06  2.27376595e+00  5.63384000e-06  0.00000000e+00 
 5.68384000e-06  2.29941232e+00  5.68384000e-06  0.00000000e+00 
 5.73384000e-06  2.32482823e+00  5.73384000e-06  0.00000000e+00 
 5.78384000e-06  2.35001164e+00  5.78384000e-06  0.00000000e+00 
 5.83384000e-06  2.37496055e+00  5.83384000e-06  0.00000000e+00 
 5.88384000e-06  2.39967295e+00  5.88384000e-06  0.00000000e+00 
 5.93384000e-06  2.42414689e+00  5.93384000e-06  0.00000000e+00 
 5.98384000e-06  2.44838043e+00  5.98384000e-06  0.00000000e+00 
 6.03384000e-06  2.47237164e+00  6.03384000e-06  0.00000000e+00 
 6.08384000e-06  2.49611864e+00  6.08384000e-06  0.00000000e+00 
 6.13384000e-06  2.51961955e+00  6.13384000e-06  0.00000000e+00 
 6.18384000e-06  2.54287252e+00  6.18384000e-06  0.00000000e+00 
 6.23384000e-06  2.56587573e+00  6.23384000e-06  0.00000000e+00 
 6.28384000e-06  2.58862739e+00  6.28384000e-06  0.00000000e+00 
 6.33384000e-06  2.61112570e+00  6.33384000e-06  0.00000000e+00 
 6.38384000e-06  2.63336893e+00  6.38384000e-06  0.00000000e+00 
 6.43384000e-06  2.65535535e+00  6.43384000e-06  0.00000000e+00 
 6.48384000e-06  2.67708326e+00  6.48384000e-06  0.00000000e+00 
 6.53384000e-06  2.69855097e+00  6.53384000e-06  0.00000000e+00 
 6.58384000e-06  2.71975684e+00  6.58384000e-06  0.00000000e+00 
 6.63384000e-06  2.74069924e+00  6.63384000e-06  0.00000000e+00 
 6.68384000e-06  2.76137657e+00  6.68384000e-06  0.00000000e+00 
 6.73384000e-06  2.78178725e+00  6.73384000e-06  0.00000000e+00 
 6.78384000e-06  2.80192972e+00  6.78384000e-06  0.00000000e+00 
 6.83384000e-06  2.82180247e+00  6.83384000e-06  0.00000000e+00 
 6.88384000e-06  2.84140399e+00  6.88384000e-06  0.00000000e+00 
 6.93384000e-06  2.86073280e+00  6.93384000e-06  0.00000000e+00 
 6.98384000e-06  2.87978746e+00  6.98384000e-06  0.00000000e+00 
 7.03384000e-06  2.89856655e+00  7.03384000e-06  0.00000000e+00 
 7.08384000e-06  2.91706866e+00  7.08384000e-06  0.00000000e+00 
 7.13384000e-06  2.93529243e+00  7.13384000e-06  0.00000000e+00 
 7.18384000e-06  2.95323650e+00  7.18384000e-06  0.00000000e+00 
 7.23384000e-06  2.97089957e+00  7.23384000e-06  0.00000000e+00 
 7.28384000e-06  2.98828034e+00  7.28384000e-06  0.00000000e+00 
 7.33384000e-06  3.00537754e+00  7.33384000e-06  0.00000000e+00 
 7.38384000e-06  3.02218993e+00  7.38384000e-06  0.00000000e+00 
 7.43384000e-06  3.03871630e+00  7.43384000e-06  0.00000000e+00 
 7.48384000e-06  3.05495546e+00  7.48384000e-06  0.00000000e+00 
 7.53384000e-06  3.07090626e+00  7.53384000e-06  0.00000000e+00 
 7.58384000e-06  3.08656756e+00  7.58384000e-06  0.00000000e+00 
 7.63384000e-06  3.10193825e+00  7.63384000e-06  0.00000000e+00 
 7.68384000e-06  3.11701726e+00  7.68384000e-06  0.00000000e+00 
 7.73384000e-06  3.13180353e+00  7.73384000e-06  0.00000000e+00 
 7.78384000e-06  3.14629605e+00  7.78384000e-06  0.00000000e+00 
 7.83384000e-06  3.16049381e+00  7.83384000e-06  0.00000000e+00 
 7.88384000e-06  3.17439584e+00  7.88384000e-06  0.00000000e+00 
 7.93384000e-06  3.18800120e+00  7.93384000e-06  0.00000000e+00 
 7.98384000e-06  3.20130898e+00  7.98384000e-06  0.00000000e+00 
 8.03384000e-06  3.21431828e+00  8.03384000e-06  0.00000000e+00 
 8.08384000e-06  3.22702824e+00  8.08384000e-06  0.00000000e+00 
 8.13384000e-06  3.23943805e+00  8.13384000e-06  0.00000000e+00 
 8.18384000e-06  3.25154687e+00  8.18384000e-06  0.00000000e+00 
 8.20000000e-06  3.25539598e+00  8.20000000e-06  0.00000000e+00 
 8.20010000e-06  3.25541970e+00  8.20010000e-06  5.00000000e-01 
 8.20030000e-06  3.25546714e+00  8.20030000e-06  1.50000000e+00 
 8.20070000e-06  3.25556201e+00  8.20070000e-06  3.50000000e+00 
 8.20100000e-06  3.25563316e+00  8.20100000e-06  5.00000000e+00 
 8.20108000e-06  3.25565214e+00  8.20108000e-06  5.00000000e+00 
 8.20124000e-06  3.25569009e+00  8.20124000e-06  5.00000000e+00 
 8.20156000e-06  3.25576599e+00  8.20156000e-06  5.00000000e+00 
 8.20220000e-06  3.25591782e+00  8.20220000e-06  5.00000000e+00 
 8.20348000e-06  3.25622155e+00  8.20348000e-06  5.00000000e+00 
 8.20604000e-06  3.25682928e+00  8.20604000e-06  5.00000000e+00 
 8.21116000e-06  3.25804588e+00  8.21116000e-06  5.00000000e+00 
 8.22140000e-06  3.26048359e+00  8.22140000e-06  5.00000000e+00 
 8.24188000e-06  3.26537699e+00  8.24188000e-06  5.00000000e+00 
 8.28284000e-06  3.27523546e+00  8.28284000e-06  5.00000000e+00 
 8.33284000e-06  3.28739845e+00  8.33284000e-06  5.00000000e+00 
 8.38284000e-06  3.29970184e+00  8.38284000e-06  5.00000000e+00 
 8.43284000e-06  3.31214440e+00  8.43284000e-06  5.00000000e+00 
 8.48284000e-06  3.32472488e+00  8.48284000e-06  5.00000000e+00 
 8.53284000e-06  3.33744201e+00  8.53284000e-06  5.00000000e+00 
 8.58284000e-06  3.35029454e+00  8.58284000e-06  5.00000000e+00 
 8.63284000e-06  3.36328117e+00  8.63284000e-06  5.00000000e+00 
 8.68284000e-06  3.37640063e+00  8.68284000e-06  5.00000000e+00 
 8.73284000e-06  3.38965160e+00  8.73284000e-06  5.00000000e+00 
 8.78284000e-06  3.40303278e+00  8.78284000e-06  5.00000000e+00 
 8.83284000e-06  3.41654284e+00  8.83284000e-06  5.00000000e+00 
 8.88284000e-06  3.43018045e+00  8.88284000e-06  5.00000000e+00 
 8.93284000e-06  3.44394427e+00  8.93284000e-06  5.00000000e+00 
 8.98284000e-06  3.45783295e+00  8.98284000e-06  5.00000000e+00 
 9.03284000e-06  3.47184513e+00  9.03284000e-06  5.00000000e+00 
 9.08284000e-06  3.48597943e+00  9.08284000e-06  5.00000000e+00 
 9.13284000e-06  3.50023446e+00  9.13284000e-06  5.00000000e+00 
 9.18284000e-06  3.51460886e+00  9.18284000e-06  5.00000000e+00 
 9.23284000e-06  3.52910120e+00  9.23284000e-06  5.00000000e+00 
 9.28284000e-06  3.54371008e+00  9.28284000e-06  5.00000000e+00 
 9.33284000e-06  3.55843409e+00  9.33284000e-06  5.00000000e+00 
 9.38284000e-06  3.57327180e+00  9.38284000e-06  5.00000000e+00 
 9.43284000e-06  3.58822178e+00  9.43284000e-06  5.00000000e+00 
 9.48284000e-06  3.60328257e+00  9.48284000e-06  5.00000000e+00 
 9.53284000e-06  3.61845272e+00  9.53284000e-06  5.00000000e+00 
 9.58284000e-06  3.63373079e+00  9.58284000e-06  5.00000000e+00 
 9.63284000e-06  3.64911529e+00  9.63284000e-06  5.00000000e+00 
 9.68284000e-06  3.66460475e+00  9.68284000e-06  5.00000000e+00 
 9.73284000e-06  3.68019769e+00  9.73284000e-06  5.00000000e+00 
 9.78284000e-06  3.69589261e+00  9.78284000e-06  5.00000000e+00 
 9.83284000e-06  3.71168801e+00  9.83284000e-06  5.00000000e+00 
 9.88284000e-06  3.72758239e+00  9.88284000e-06  5.00000000e+00 
 9.93284000e-06  3.74357423e+00  9.93284000e-06  5.00000000e+00 
 9.98284000e-06  3.75966201e+00  9.98284000e-06  5.00000000e+00 
 1.00328400e-05  3.77584420e+00  1.00328400e-05  5.00000000e+00 
 1.00828400e-05  3.79211926e+00  1.00828400e-05  5.00000000e+00 
 1.01328400e-05  3.80848566e+00  1.01328400e-05  5.00000000e+00 
 1.01828400e-05  3.82494184e+00  1.01828400e-05  5.00000000e+00 
 1.02328400e-05  3.84148624e+00  1.02328400e-05  5.00000000e+00 
 1.02828400e-05  3.85811731e+00  1.02828400e-05  5.00000000e+00 
 1.03328400e-05  3.87483347e+00  1.03328400e-05  5.00000000e+00 
 1.03828400e-05  3.89163316e+00  1.03828400e-05  5.00000000e+00 
 1.04328400e-05  3.90851479e+00  1.04328400e-05  5.00000000e+00 
 1.04828400e-05  3.92547678e+00  1.04828400e-05  5.00000000e+00 
 1.05328400e-05  3.94251753e+00  1.05328400e-05  5.00000000e+00 
 1.05828400e-05  3.95963545e+00  1.05828400e-05  5.00000000e+00 
 1.06328400e-05  3.97682894e+00  1.06328400e-05  5.00000000e+00 
 1.06828400e-05  3.99409639e+00  1.06828400e-05  5.00000000e+00 
 1.07328400e-05  4.01143618e+00  1.07328400e-05  5.00000000e+00 
 1.07828400e-05  4.02884671e+00  1.07828400e-05  5.00000000e+00 
 1.08328400e-05  4.04632634e+00  1.08328400e-05  5.00000000e+00 
 1.08828400e-05  4.06387346e+00  1.08828400e-05  5.00000000e+00 
 1.09328400e-05  4.08148643e+00  1.09328400e-05  5.00000000e+00 
 1.09828400e-05  4.09916361e+00  1.09828400e-05  5.00000000e+00 
 1.10328400e-05  4.11690338e+00  1.10328400e-05  5.00000000e+00 
 1.10828400e-05  4.13470408e+00  1.10828400e-05  5.00000000e+00 
 1.11328400e-05  4.15256407e+00  1.11328400e-05  5.00000000e+00 
 1.11828400e-05  4.17048170e+00  1.11828400e-05  5.00000000e+00 
 1.12328400e-05  4.18845531e+00  1.12328400e-05  5.00000000e+00 
 1.12828400e-05  4.20648325e+00  1.12828400e-05  5.00000000e+00 
 1.13328400e-05  4.22456386e+00  1.13328400e-05  5.00000000e+00 
 1.13828400e-05  4.24269548e+00  1.13828400e-05  5.00000000e+00 
 1.14328400e-05  4.26087643e+00  1.14328400e-05  5.00000000e+00 
 1.14828400e-05  4.27910506e+00  1.14828400e-05  5.00000000e+00 
 1.15328400e-05  4.29737968e+00  1.15328400e-05  5.00000000e+00 
 1.15828400e-05  4.31569862e+00  1.15828400e-05  5.00000000e+00 
 1.16328400e-05  4.33406022e+00  1.16328400e-05  5.00000000e+00 
 1.16828400e-05  4.35246278e+00  1.16828400e-05  5.00000000e+00 
 1.17328400e-05  4.37090464e+00  1.17328400e-05  5.00000000e+00 
 1.17828400e-05  4.38938410e+00  1.17828400e-05  5.00000000e+00 
 1.18328400e-05  4.40789948e+00  1.18328400e-05  5.00000000e+00 
 1.18828400e-05  4.42644911e+00  1.18828400e-05  5.00000000e+00 
 1.19328400e-05  4.44503128e+00  1.19328400e-05  5.00000000e+00 
 1.19828400e-05  4.46364432e+00  1.19828400e-05  5.00000000e+00 
 1.20328400e-05  4.48228654e+00  1.20328400e-05  5.00000000e+00 
 1.20828400e-05  4.50095624e+00  1.20828400e-05  5.00000000e+00 
 1.21328400e-05  4.51965173e+00  1.21328400e-05  5.00000000e+00 
 1.21828400e-05  4.53837133e+00  1.21828400e-05  5.00000000e+00 
 1.22328400e-05  4.55711335e+00  1.22328400e-05  5.00000000e+00 
 1.22828400e-05  4.57587608e+00  1.22828400e-05  5.00000000e+00 
 1.23010000e-05  4.58269554e+00  1.23010000e-05  5.00000000e+00 
 1.23011000e-05  4.58273310e+00  1.23011000e-05  4.50000000e+00 
 1.23013000e-05  4.58280822e+00  1.23013000e-05  3.50000000e+00 
 1.23017000e-05  4.58295845e+00  1.23017000e-05  1.50000000e+00 
 1.23020000e-05  4.58307111e+00  1.23020000e-05  0.00000000e+00 
 1.23020800e-05  4.58310115e+00  1.23020800e-05  0.00000000e+00 
 1.23022400e-05  4.58316122e+00  1.23022400e-05  0.00000000e+00 
 1.23025600e-05  4.58328136e+00  1.23025600e-05  0.00000000e+00 
 1.23032000e-05  4.58352159e+00  1.23032000e-05  0.00000000e+00 
 1.23044800e-05  4.58400184e+00  1.23044800e-05  0.00000000e+00 
 1.23070400e-05  4.58496149e+00  1.23070400e-05  0.00000000e+00 
 1.23121600e-05  4.58687743e+00  1.23121600e-05  0.00000000e+00 
 1.23224000e-05  4.59069587e+00  1.23224000e-05  0.00000000e+00 
 1.23428800e-05  4.59827890e+00  1.23428800e-05  0.00000000e+00 
 1.23838400e-05  4.61322929e+00  1.23838400e-05  0.00000000e+00 
 1.24338400e-05  4.63108876e+00  1.24338400e-05  0.00000000e+00 
 1.24838400e-05  4.64851784e+00  1.24838400e-05  0.00000000e+00 
 1.25338400e-05  4.66551541e+00  1.25338400e-05  0.00000000e+00 
 1.25838400e-05  4.68208038e+00  1.25838400e-05  0.00000000e+00 
 1.26338400e-05  4.69821172e+00  1.26338400e-05  0.00000000e+00 
 1.26838400e-05  4.71390842e+00  1.26838400e-05  0.00000000e+00 
 1.27338400e-05  4.72916952e+00  1.27338400e-05  0.00000000e+00 
 1.27838400e-05  4.74399409e+00  1.27838400e-05  0.00000000e+00 
 1.28338400e-05  4.75838125e+00  1.28338400e-05  0.00000000e+00 
 1.28838400e-05  4.77233015e+00  1.28838400e-05  0.00000000e+00 
 1.29338400e-05  4.78583999e+00  1.29338400e-05  0.00000000e+00 
 1.29838400e-05  4.79891000e+00  1.29838400e-05  0.00000000e+00 
 1.30338400e-05  4.81153947e+00  1.30338400e-05  0.00000000e+00 
 1.30838400e-05  4.82372770e+00  1.30838400e-05  0.00000000e+00 
 1.31338400e-05  4.83547405e+00  1.31338400e-05  0.00000000e+00 
 1.31838400e-05  4.84677791e+00  1.31838400e-05  0.00000000e+00 
 1.32338400e-05  4.85763873e+00  1.32338400e-05  0.00000000e+00 
 1.32838400e-05  4.86805597e+00  1.32838400e-05  0.00000000e+00 
 1.33338400e-05  4.87802916e+00  1.33338400e-05  0.00000000e+00 
 1.33838400e-05  4.88755784e+00  1.33838400e-05  0.00000000e+00 
 1.34338400e-05  4.89664161e+00  1.34338400e-05  0.00000000e+00 
 1.34838400e-05  4.90528011e+00  1.34838400e-05  0.00000000e+00 
 1.35338400e-05  4.91347302e+00  1.35338400e-05  0.00000000e+00 
 1.35838400e-05  4.92122004e+00  1.35838400e-05  0.00000000e+00 
 1.36338400e-05  4.92852094e+00  1.36338400e-05  0.00000000e+00 
 1.36838400e-05  4.93537551e+00  1.36838400e-05  0.00000000e+00 
 1.37338400e-05  4.94178358e+00  1.37338400e-05  0.00000000e+00 
 1.37838400e-05  4.94774504e+00  1.37838400e-05  0.00000000e+00 
 1.38338400e-05  4.95325979e+00  1.38338400e-05  0.00000000e+00 
 1.38838400e-05  4.95832779e+00  1.38838400e-05  0.00000000e+00 
 1.39338400e-05  4.96294904e+00  1.39338400e-05  0.00000000e+00 
 1.39838400e-05  4.96712357e+00  1.39838400e-05  0.00000000e+00 
 1.40338400e-05  4.97085146e+00  1.40338400e-05  0.00000000e+00 
 1.40838400e-05  4.97413282e+00  1.40838400e-05  0.00000000e+00 
 1.41338400e-05  4.97696780e+00  1.41338400e-05  0.00000000e+00 
 1.41838400e-05  4.97935660e+00  1.41838400e-05  0.00000000e+00 
 1.42338400e-05  4.98129945e+00  1.42338400e-05  0.00000000e+00 
 1.42838400e-05  4.98279663e+00  1.42838400e-05  0.00000000e+00 
 1.43338400e-05  4.98384844e+00  1.43338400e-05  0.00000000e+00 
 1.43838400e-05  4.98445524e+00  1.43838400e-05  0.00000000e+00 
 1.44338400e-05  4.98461741e+00  1.44338400e-05  0.00000000e+00 
 1.44838400e-05  4.98433540e+00  1.44838400e-05  0.00000000e+00 
 1.45338400e-05  4.98360966e+00  1.45338400e-05  0.00000000e+00 
 1.45838400e-05  4.98244071e+00  1.45838400e-05  0.00000000e+00 
 1.46338400e-05  4.98082908e+00  1.46338400e-05  0.00000000e+00 
 1.46838400e-05  4.97877538e+00  1.46838400e-05  0.00000000e+00 
 1.47338400e-05  4.97628022e+00  1.47338400e-05  0.00000000e+00 
 1.47838400e-05  4.97334427e+00  1.47838400e-05  0.00000000e+00 
 1.48338400e-05  4.96996823e+00  1.48338400e-05  0.00000000e+00 
 1.48838400e-05  4.96615283e+00  1.48838400e-05  0.00000000e+00 
 1.49338400e-05  4.96189887e+00  1.49338400e-05  0.00000000e+00 
 1.49838400e-05  4.95720715e+00  1.49838400e-05  0.00000000e+00 
 1.50338400e-05  4.95207853e+00  1.50338400e-05  0.00000000e+00 
 1.50838400e-05  4.94651390e+00  1.50838400e-05  0.00000000e+00 
 1.51338400e-05  4.94051420e+00  1.51338400e-05  0.00000000e+00 
 1.51838400e-05  4.93408040e+00  1.51838400e-05  0.00000000e+00 
 1.52338400e-05  4.92721350e+00  1.52338400e-05  0.00000000e+00 
 1.52838400e-05  4.91991454e+00  1.52838400e-05  0.00000000e+00 
 1.53338400e-05  4.91218462e+00  1.53338400e-05  0.00000000e+00 
 1.53838400e-05  4.90402484e+00  1.53838400e-05  0.00000000e+00 
 1.54338400e-05  4.89543637e+00  1.54338400e-05  0.00000000e+00 
 1.54838400e-05  4.88642040e+00  1.54838400e-05  0.00000000e+00 
 1.55338400e-05  4.87697815e+00  1.55338400e-05  0.00000000e+00 
 1.55838400e-05  4.86711090e+00  1.55838400e-05  0.00000000e+00 
 1.56338400e-05  4.85681995e+00  1.56338400e-05  0.00000000e+00 
 1.56838400e-05  4.84610664e+00  1.56838400e-05  0.00000000e+00 
 1.57338400e-05  4.83497235e+00  1.57338400e-05  0.00000000e+00 
 1.57838400e-05  4.82341849e+00  1.57838400e-05  0.00000000e+00 
 1.58338400e-05  4.81144650e+00  1.58338400e-05  0.00000000e+00 
 1.58838400e-05  4.79905788e+00  1.58838400e-05  0.00000000e+00 
 1.59338400e-05  4.78625413e+00  1.59338400e-05  0.00000000e+00 
 1.59838400e-05  4.77303683e+00  1.59838400e-05  0.00000000e+00 
 1.60338400e-05  4.75940755e+00  1.60338400e-05  0.00000000e+00 
 1.60838400e-05  4.74536793e+00  1.60838400e-05  0.00000000e+00 
 1.61338400e-05  4.73091962e+00  1.61338400e-05  0.00000000e+00 
 1.61838400e-05  4.71606432e+00  1.61838400e-05  0.00000000e+00 
 1.62338400e-05  4.70080377e+00  1.62338400e-05  0.00000000e+00 
 1.62838400e-05  4.68513971e+00  1.62838400e-05  0.00000000e+00 
 1.63338400e-05  4.66907396e+00  1.63338400e-05  0.00000000e+00 
 1.63838400e-05  4.65260835e+00  1.63838400e-05  0.00000000e+00 
 1.64000000e-05  4.64720142e+00  1.64000000e-05  0.00000000e+00 
 1.64001000e-05  4.64716783e+00  1.64001000e-05  5.00000000e-01 
 1.64003000e-05  4.64710065e+00  1.64003000e-05  1.50000000e+00 
 1.64007000e-05  4.64696628e+00  1.64007000e-05  3.50000000e+00 
 1.64010000e-05  4.64686550e+00  1.64010000e-05  5.00000000e+00 
 1.64010800e-05  4.64683863e+00  1.64010800e-05  5.00000000e+00 
 1.64012400e-05  4.64678488e+00  1.64012400e-05  5.00000000e+00 
 1.64015600e-05  4.64667738e+00  1.64015600e-05  5.00000000e+00 
 1.64022000e-05  4.64646239e+00  1.64022000e-05  5.00000000e+00 
 1.64034800e-05  4.64603243e+00  1.64034800e-05  5.00000000e+00 
 1.64060400e-05  4.64517260e+00  1.64060400e-05  5.00000000e+00 
 1.64111600e-05  4.64345334e+00  1.64111600e-05  5.00000000e+00 
 1.64214000e-05  4.64001633e+00  1.64214000e-05  5.00000000e+00 
 1.64418800e-05  4.63314850e+00  1.64418800e-05  5.00000000e+00 
 1.64828400e-05  4.61943786e+00  1.64828400e-05  5.00000000e+00 
 1.65328400e-05  4.60274741e+00  1.65328400e-05  5.00000000e+00 
 1.65828400e-05  4.58610904e+00  1.65828400e-05  5.00000000e+00 
 1.66328400e-05  4.56952416e+00  1.66328400e-05  5.00000000e+00 
 1.66828400e-05  4.55299421e+00  1.66828400e-05  5.00000000e+00 
 1.67328400e-05  4.53652060e+00  1.67328400e-05  5.00000000e+00 
 1.67828400e-05  4.52010474e+00  1.67828400e-05  5.00000000e+00 
 1.68328400e-05  4.50374803e+00  1.68328400e-05  5.00000000e+00 
 1.68828400e-05  4.48745188e+00  1.68828400e-05  5.00000000e+00 
 1.69328400e-05  4.47121768e+00  1.69328400e-05  5.00000000e+00 
 1.69828400e-05  4.45504680e+00  1.69828400e-05  5.00000000e+00 
 1.70328400e-05  4.43894063e+00  1.70328400e-05  5.00000000e+00 
 1.70828400e-05  4.42290054e+00  1.70828400e-05  5.00000000e+00 
 1.71328400e-05  4.40692789e+00  1.71328400e-05  5.00000000e+00 
 1.71828400e-05  4.39102403e+00  1.71828400e-05  5.00000000e+00 
 1.72328400e-05  4.37519032e+00  1.72328400e-05  5.00000000e+00 
 1.72828400e-05  4.35942809e+00  1.72828400e-05  5.00000000e+00 
 1.73328400e-05  4.34373868e+00  1.73328400e-05  5.00000000e+00 
 1.73828400e-05  4.32812340e+00  1.73828400e-05  5.00000000e+00 
 1.74328400e-05  4.31258359e+00  1.74328400e-05  5.00000000e+00 
 1.74828400e-05  4.29712054e+00  1.74828400e-05  5.00000000e+00 
 1.75328400e-05  4.28173556e+00  1.75328400e-05  5.00000000e+00 
 1.75828400e-05  4.26642994e+00  1.75828400e-05  5.00000000e+00 
 1.76328400e-05  4.25120496e+00  1.76328400e-05  5.00000000e+00 
 1.76828400e-05  4.23606191e+00  1.76828400e-05  5.00000000e+00 
 1.77328400e-05  4.22100204e+00  1.77328400e-05  5.00000000e+00 
 1.77828400e-05  4.20602661e+00  1.77828400e-05  5.00000000e+00 
 1.78328400e-05  4.19113688e+00  1.78328400e-05  5.00000000e+00 
 1.78828400e-05  4.17633409e+00  1.78828400e-05  5.00000000e+00 
 1.79328400e-05  4.16161946e+00  1.79328400e-05  5.00000000e+00 
 1.79828400e-05  4.14699423e+00  1.79828400e-05  5.00000000e+00 
 1.80328400e-05  4.13245959e+00  1.80328400e-05  5.00000000e+00 
 1.80828400e-05  4.11801677e+00  1.80828400e-05  5.00000000e+00 
 1.81328400e-05  4.10366694e+00  1.81328400e-05  5.00000000e+00 
 1.81828400e-05  4.08941131e+00  1.81828400e-05  5.00000000e+00 
 1.82328400e-05  4.07525103e+00  1.82328400e-05  5.00000000e+00 
 1.82828400e-05  4.06118729e+00  1.82828400e-05  5.00000000e+00 
 1.83328400e-05  4.04722123e+00  1.83328400e-05  5.00000000e+00 
 1.83828400e-05  4.03335401e+00  1.83828400e-05  5.00000000e+00 
 1.84328400e-05  4.01958675e+00  1.84328400e-05  5.00000000e+00 
 1.84828400e-05  4.00592059e+00  1.84828400e-05  5.00000000e+00 
 1.85328400e-05  3.99235664e+00  1.85328400e-05  5.00000000e+00 
 1.85828400e-05  3.97889601e+00  1.85828400e-05  5.00000000e+00 
 1.86328400e-05  3.96553979e+00  1.86328400e-05  5.00000000e+00 
 1.86828400e-05  3.95228908e+00  1.86828400e-05  5.00000000e+00 
 1.87328400e-05  3.93914493e+00  1.87328400e-05  5.00000000e+00 
 1.87828400e-05  3.92610842e+00  1.87828400e-05  5.00000000e+00 
 1.88328400e-05  3.91318061e+00  1.88328400e-05  5.00000000e+00 
 1.88828400e-05  3.90036253e+00  1.88828400e-05  5.00000000e+00 
 1.89328400e-05  3.88765522e+00  1.89328400e-05  5.00000000e+00 
 1.89828400e-05  3.87505969e+00  1.89828400e-05  5.00000000e+00 
 1.90328400e-05  3.86257697e+00  1.90328400e-05  5.00000000e+00 
 1.90828400e-05  3.85020804e+00  1.90828400e-05  5.00000000e+00 
 1.91328400e-05  3.83795390e+00  1.91328400e-05  5.00000000e+00 
 1.91828400e-05  3.82581552e+00  1.91828400e-05  5.00000000e+00 
 1.92328400e-05  3.81379387e+00  1.92328400e-05  5.00000000e+00 
 1.92828400e-05  3.80188990e+00  1.92828400e-05  5.00000000e+00 
 1.93328400e-05  3.79010456e+00  1.93328400e-05  5.00000000e+00 
 1.93828400e-05  3.77843878e+00  1.93828400e-05  5.00000000e+00 
 1.94328400e-05  3.76689347e+00  1.94328400e-05  5.00000000e+00 
 1.94828400e-05  3.75546954e+00  1.94828400e-05  5.00000000e+00 
 1.95328400e-05  3.74416790e+00  1.95328400e-05  5.00000000e+00 
 1.95828400e-05  3.73298942e+00  1.95828400e-05  5.00000000e+00 
 1.96328400e-05  3.72193498e+00  1.96328400e-05  5.00000000e+00 
 1.96828400e-05  3.71100544e+00  1.96828400e-05  5.00000000e+00 
 1.97328400e-05  3.70020165e+00  1.97328400e-05  5.00000000e+00 
 1.97828400e-05  3.68952444e+00  1.97828400e-05  5.00000000e+00 
 1.98328400e-05  3.67897463e+00  1.98328400e-05  5.00000000e+00 
 1.98828400e-05  3.66855305e+00  1.98828400e-05  5.00000000e+00 
 1.99328400e-05  3.65826050e+00  1.99328400e-05  5.00000000e+00 
 1.99828400e-05  3.64809775e+00  1.99828400e-05  5.00000000e+00 
 2.00328400e-05  3.63806558e+00  2.00328400e-05  5.00000000e+00 
 2.00828400e-05  3.62816477e+00  2.00828400e-05  5.00000000e+00 
 2.01328400e-05  3.61839605e+00  2.01328400e-05  5.00000000e+00 
 2.01828400e-05  3.60876017e+00  2.01828400e-05  5.00000000e+00 
 2.02328400e-05  3.59925785e+00  2.02328400e-05  5.00000000e+00 
 2.02828400e-05  3.58988981e+00  2.02828400e-05  5.00000000e+00 
 2.03328400e-05  3.58065674e+00  2.03328400e-05  5.00000000e+00 
 2.03828400e-05  3.57155934e+00  2.03828400e-05  5.00000000e+00 
 2.04328400e-05  3.56259828e+00  2.04328400e-05  5.00000000e+00 
 2.04828400e-05  3.55377421e+00  2.04828400e-05  5.00000000e+00 
 2.05010000e-05  3.55060334e+00  2.05010000e-05  5.00000000e+00 
 2.05011000e-05  3.55058593e+00  2.05011000e-05  4.50000000e+00 
 2.05013000e-05  3.55055111e+00  2.05013000e-05  3.50000000e+00 
 2.05017000e-05  3.55048147e+00  2.05017000e-05  1.50000000e+00 
 2.05020000e-05  3.55042923e+00  2.05020000e-05  0.00000000e+00 
 2.05020800e-05  3.55041529e+00  2.05020800e-05  0.00000000e+00 
 2.05022400e-05  3.55038743e+00  2.05022400e-05  0.00000000e+00 
 2.05025600e-05  3.55033169e+00  2.05025600e-05  0.00000000e+00 
 2.05032000e-05  3.55022017e+00  2.05032000e-05  0.00000000e+00 
 2.05044800e-05  3.54999698e+00  2.05044800e-05  0.00000000e+00 
 2.05070400e-05  3.54954999e+00  2.05070400e-05  0.00000000e+00 
 2.05121600e-05  3.54865359e+00  2.05121600e-05  0.00000000e+00 
 2.05224000e-05  3.54685113e+00  2.05224000e-05  0.00000000e+00 
 2.05428800e-05  3.54320755e+00  2.05428800e-05  0.00000000e+00 
 2.05838400e-05  3.53576607e+00  2.05838400e-05  0.00000000e+00 
 2.06338400e-05  3.52640407e+00  2.06338400e-05  0.00000000e+00 
 2.06838400e-05  3.51673729e+00  2.06838400e-05  0.00000000e+00 
 2.07338400e-05  3.50676691e+00  2.07338400e-05  0.00000000e+00 
 2.07838400e-05  3.49649410e+00  2.07838400e-05  0.00000000e+00 
 2.08338400e-05  3.48592010e+00  2.08338400e-05  0.00000000e+00 
 2.08838400e-05  3.47504613e+00  2.08838400e-05  0.00000000e+00 
 2.09338400e-05  3.46387348e+00  2.09338400e-05  0.00000000e+00 
 2.09838400e-05  3.45240344e+00  2.09838400e-05  0.00000000e+00 
 2.10338400e-05  3.44063731e+00  2.10338400e-05  0.00000000e+00 
 2.10838400e-05  3.42857646e+00  2.10838400e-05  0.00000000e+00 
 2.11338400e-05  3.41622224e+00  2.11338400e-05  0.00000000e+00 
 2.11838400e-05  3.40357605e+00  2.11838400e-05  0.00000000e+00 
 2.12338400e-05  3.39063931e+00  2.12338400e-05  0.00000000e+00 
 2.12838400e-05  3.37741347e+00  2.12838400e-05  0.00000000e+00 
 2.13338400e-05  3.36389998e+00  2.13338400e-05  0.00000000e+00 
 2.13838400e-05  3.35010034e+00  2.13838400e-05  0.00000000e+00 
 2.14338400e-05  3.33601607e+00  2.14338400e-05  0.00000000e+00 
 2.14838400e-05  3.32164870e+00  2.14838400e-05  0.00000000e+00 
 2.15338400e-05  3.30699980e+00  2.15338400e-05  0.00000000e+00 
 2.15838400e-05  3.29207095e+00  2.15838400e-05  0.00000000e+00 
 2.16338400e-05  3.27686377e+00  2.16338400e-05  0.00000000e+00 
 2.16838400e-05  3.26137988e+00  2.16838400e-05  0.00000000e+00 
 2.17338400e-05  3.24562095e+00  2.17338400e-05  0.00000000e+00 
 2.17838400e-05  3.22958864e+00  2.17838400e-05  0.00000000e+00 
 2.18338400e-05  3.21328467e+00  2.18338400e-05  0.00000000e+00 
 2.18838400e-05  3.19671075e+00  2.18838400e-05  0.00000000e+00 
 2.19338400e-05  3.17986864e+00  2.19338400e-05  0.00000000e+00 
 2.19838400e-05  3.16276009e+00  2.19838400e-05  0.00000000e+00 
 2.20338400e-05  3.14538691e+00  2.20338400e-05  0.00000000e+00 
 2.20838400e-05  3.12775090e+00  2.20838400e-05  0.00000000e+00 
 2.21338400e-05  3.10985390e+00  2.21338400e-05  0.00000000e+00 
 2.21838400e-05  3.09169775e+00  2.21838400e-05  0.00000000e+00 
 2.22338400e-05  3.07328435e+00  2.22338400e-05  0.00000000e+00 
 2.22838400e-05  3.05461558e+00  2.22838400e-05  0.00000000e+00 
 2.23338400e-05  3.03569337e+00  2.23338400e-05  0.00000000e+00 
 2.23838400e-05  3.01651964e+00  2.23838400e-05  0.00000000e+00 
 2.24338400e-05  2.99709637e+00  2.24338400e-05  0.00000000e+00 
 2.24838400e-05  2.97742554e+00  2.24838400e-05  0.00000000e+00 
 2.25338400e-05  2.95750913e+00  2.25338400e-05  0.00000000e+00 
 2.25838400e-05  2.93734917e+00  2.25838400e-05  0.00000000e+00 
 2.26338400e-05  2.91694771e+00  2.26338400e-05  0.00000000e+00 
 2.26838400e-05  2.89630679e+00  2.26838400e-05  0.00000000e+00 
 2.27338400e-05  2.87542850e+00  2.27338400e-05  0.00000000e+00 
 2.27838400e-05  2.85431494e+00  2.27838400e-05  0.00000000e+00 
 2.28338400e-05  2.83296821e+00  2.28338400e-05  0.00000000e+00 
 2.28838400e-05  2.81139046e+00  2.28838400e-05  0.00000000e+00 
 2.29338400e-05  2.78958384e+00  2.29338400e-05  0.00000000e+00 
 2.29838400e-05  2.76755051e+00  2.29838400e-05  0.00000000e+00 
 2.30338400e-05  2.74529268e+00  2.30338400e-05  0.00000000e+00 
 2.30838400e-05  2.72281254e+00  2.30838400e-05  0.00000000e+00 
 2.31338400e-05  2.70011232e+00  2.31338400e-05  0.00000000e+00 
 2.31838400e-05  2.67719426e+00  2.31838400e-05  0.00000000e+00 
 2.32338400e-05  2.65406062e+00  2.32338400e-05  0.00000000e+00 
 2.32838400e-05  2.63071368e+00  2.32838400e-05  0.00000000e+00 
 2.33338400e-05  2.60715574e+00  2.33338400e-05  0.00000000e+00 
 2.33838400e-05  2.58338909e+00  2.33838400e-05  0.00000000e+00 
 2.34338400e-05  2.55941607e+00  2.34338400e-05  0.00000000e+00 
 2.34838400e-05  2.53523901e+00  2.34838400e-05  0.00000000e+00 
 2.35338400e-05  2.51086028e+00  2.35338400e-05  0.00000000e+00 
 2.35838400e-05  2.48628225e+00  2.35838400e-05  0.00000000e+00 
 2.36338400e-05  2.46150731e+00  2.36338400e-05  0.00000000e+00 
 2.36838400e-05  2.43653786e+00  2.36838400e-05  0.00000000e+00 
 2.37338400e-05  2.41137631e+00  2.37338400e-05  0.00000000e+00 
 2.37838400e-05  2.38602511e+00  2.37838400e-05  0.00000000e+00 
 2.38338400e-05  2.36048671e+00  2.38338400e-05  0.00000000e+00 
 2.38838400e-05  2.33476355e+00  2.38838400e-05  0.00000000e+00 
 2.39338400e-05  2.30885812e+00  2.39338400e-05  0.00000000e+00 
 2.39838400e-05  2.28277291e+00  2.39838400e-05  0.00000000e+00 
 2.40338400e-05  2.25651043e+00  2.40338400e-05  0.00000000e+00 
 2.40838400e-05  2.23007318e+00  2.40838400e-05  0.00000000e+00 
 2.41338400e-05  2.20346370e+00  2.41338400e-05  0.00000000e+00 
 2.41838400e-05  2.17668453e+00  2.41838400e-05  0.00000000e+00 
 2.42338400e-05  2.14973823e+00  2.42338400e-05  0.00000000e+00 
 2.42838400e-05  2.12262736e+00  2.42838400e-05  0.00000000e+00 
 2.43338400e-05  2.09535450e+00  2.43338400e-05  0.00000000e+00 
 2.43838400e-05  2.06792225e+00  2.43838400e-05  0.00000000e+00 
 2.44338400e-05  2.04033321e+00  2.44338400e-05  0.00000000e+00 
 2.44838400e-05  2.01258998e+00  2.44838400e-05  0.00000000e+00 
 2.45338400e-05  1.98469521e+00  2.45338400e-05  0.00000000e+00 
 2.45838400e-05  1.95665152e+00  2.45838400e-05  0.00000000e+00 
 2.46000000e-05  1.94755633e+00  2.46000000e-05  0.00000000e+00 
 2.46001000e-05  1.94750000e+00  2.46001000e-05  5.00000000e-01 
 2.46003000e-05  1.94738734e+00  2.46003000e-05  1.50000000e+00 
 2.46007000e-05  1.94716202e+00  2.46007000e-05  3.50000000e+00 
 2.46010000e-05  1.94699304e+00  2.46010000e-05  5.00000000e+00 
 2.46010800e-05  1.94694798e+00  2.46010800e-05  5.00000000e+00 
 2.46012400e-05  1.94685786e+00  2.46012400e-05  5.00000000e+00 
 2.46015600e-05  1.94667763e+00  2.46015600e-05  5.00000000e+00 
 2.46022000e-05  1.94631721e+00  2.46022000e-05  5.00000000e+00 
 2.46034800e-05  1.94559652e+00  2.46034800e-05  5.00000000e+00 
 2.46060400e-05  1.94415573e+00  2.46060400e-05  5.00000000e+00 
 2.46111600e-05  1.94127651e+00  2.46111600e-05  5.00000000e+00 
 2.46214000e-05  1.93552754e+00  2.46214000e-05  5.00000000e+00 
 2.46418800e-05  1.92406752e+00  2.46418800e-05  5.00000000e+00 
 2.46828400e-05  1.90129973e+00  2.46828400e-05  5.00000000e+00 
 2.47328400e-05  1.87378357e+00  2.47328400e-05  5.00000000e+00 
 2.47828400e-05  1.84657340e+00  2.47828400e-05  5.00000000e+00 
 2.48328400e-05  1.81967133e+00  2.48328400e-05  5.00000000e+00 
 2.48828400e-05  1.79307945e+00  2.48828400e-05  5.00000000e+00 
 2.49328400e-05  1.76679982e+00  2.49328400e-05  5.00000000e+00 
 2.49828400e-05  1.74083447e+00  2.49828400e-05  5.00000000e+00 
 2.50000000e-05  1.73199591e+00  2.50000000e-05  5.00000000e+00 
